15226	15227	15228
15224	15225
15207	15208
15206	15205
15214	15213
15211	15212
15218	15219
15215	15216	15217
15222	15223
15220	15221
15162	15163	15161
15159	15160
15156	15155
15154	15153
15151	15152
15148	15147
15146	15145
15143	15144
15142	15141
15140	15139	15138
15137	15136
15133	15134	15135
15132	15131
15127	15128	15129	15130
15124	15125	15126
15121	15122	15123
15202	15201	15200
15203	15204
15195	15196
15197	15198	15199
15191	15192
15193	15194
15186	15187	15188
15189	15190
15183	15182
15184	15185
15177	15176
15179	15178	15181	15180
15171	15173	15172
15175	15174
15166	15167	15164	15165
15169	15168	15170
15080	15081
15078	15079
15084	15085
15082	15083
15067	15066
15065	15064
15074	15075	15076	15077
15071	15070	15069	15072	15073
15057	15056
15054	15055	15052	15053
15063	15062	15061
15059	15058	15060
15043	15044	15045
15042	15040	15041
15050	15051
15048	15049	15046	15047
15113	15114
15116	15115
15117	15118
15119	15120
15105	15104	15106
15108	15107
15109	15110
15111	15112
15097	15096
15099	15098
15101	15100
15103	15102
15088	15086	15087
15089	15091	15090
15093	15092
15095	15094
13234	13233	13232
13230	13231
13245	13244	13243
13242	13241	13240	13239	13238	13237	13236	13235
13222	13223	13221
13220	13219
13228	13229
13226	13227	13224	13225
13201	13203	13202
5484	6263	10860	10861	13200	13196	13197	13198	13199	13195
13215	13218	13216	13217
13205	13204	13207	13206
254	306	736	755	717	729	1059	1060	1406	2916	3581	3582	3583	3579	3733	3734	3584	4392	6208	6923	6921	13183
13178	13179	13180	13181
13192	13193	13194	13189	13190	13191	13875
13184	13185
13162	13161
13163	13165	13164
13167	13166
13172	13173
13150	13151	13153	13152
13155	13154	13156
13158	13157
13159	13160
7267	7260	9593	9592	9591	13131	13130	13133	13132
13135	13134
13138	13139	13140
13142	13143	13144	13145
13114	13113
13116	13117	13115
13121	13123	13122
13125	13124	13127	13126	13129	13128
13110	13109
13108	13107
13104	13103
13102	13101	13100
13094	13093	13092
13091	13090	13089	13088
13086	13087
13084	13085
13077	13078	13079
13076	13074	13075
13072	13073	13071	13070
13069	13068	13067	13066
13065	13064
13061	13060	13062	13059	14348
12104	13051	13050	13053	13052	13055	13054	14022	14023
13049	13048	13045	13044	13047	13046
13039	13040
13041	13043	13042
13035	13036
13037	13038
13032	13030	13031
13033	13034
13026	13027
13028	13029
13022	13021
13023	13024
13007	13008
13017	13016	13015
13000	13001
13003	13006	13004	13005
8541	8540	8542	8539	12997
12998	12999
13457	13456
13454	13455	13453
11837	11838	11663	11664	11665	11666	11667	14333	14332	13406	13405	13463	13462	13461	13467	13466	13465	13464	13471	13470	13469	13468
13459	13458	13460
13474	13475	13476	13477	13478
13472	13473
13485	13486
1829	1830	1825	1826	2913	2914	5096	5936	5937	5938	5939	13479	13480	13481	13482
13417	13416	13415
13413	13412	13414	13411
13421	13423	13422
13420	13419	13418
13428	13429	13430	13426	13427
13424	13425
13450	13451	13452
13432	13433	13431
13392	13393
13394	13395
13398	13396	13397
13400	13399
13402	13401
13404	13403
13408	13407
13409	13410
13361	13362
13363	13364	13365	13366
13368	13369	13367
13370	13371
13372	13373	13374	13375	13376
13378	13377
13381	13380	13379
13386	13385	13384
13345	13344
13342	13343
13338	13339	13340	13341
13336	13337	13335
10989	10988	10991	10990	13359
13355	13356
13352	13351
13347	13346
13315	13314	13313	13316
2579	4064	4063	6240	10009	10008	10010	10007	13310	13309	12710	13628	13629
624	649	648	651	650	644	647	641	640	642	2171	5942	6610	6922	6951	6950	6953	6952	8578	10160	10161	10159	13307	13306	13305
13304	13303	13302	13301
13334	13333
13330	13331	13329	13332
13322	13321
13319	13318
13288	13287
13290	13291	13289
13283	13284
13286	13285
13298	13297	13296
13299	13300
13292	13293
13294	13295
13264	13263
13265	13267	13266
13248	13249	13250	13251	13252	13253	13254	13247	13246
2230	2231	2882	4571	4570	4544	5449	7425	7954	7952	7953	8432	8433	9254	10839	10838	11967	13256	13257	13258	13259	13255	13483	13484
13275	13277	13276	13278
13279	13280
13269	13268	13270
13273	13272	13274
12697	12696	12695
12699	12698	12700
12704	12701	12703	12702
12706	12705
12685	12686
12689	12690
12691	12692
12693	12694
12729	12728	12727
4428	4424	5640	5639	5638	12731	12733	12732
10784	10785	10786	10787	10783	10782	11630	11631	11628	11629	11627	12736	12737	12738
12740	12739
12718	12716	12717
12720	12719
5415	7766	8756	8753	8755	8754	9478	12722	12721
12723	12726	12725	12724
12646	12645	12644	12643
12641	12640	12639	14043
12654	12653	12652
8496	8490	8494	8495	8492	8493	12650	12649
12630	12631
12628	12629	12627
12636	12637	12638	12635
4062	4061	5571	11224	11225	11220	11221	11222	11223	12633	12634
12668	12669	12667
12666	12665
12682	12683
12680	12681	12676	12677	12678	12679
12660	12659
12658	12656	12657	12655
12663	12664
12662	12661
12594	12595	12593
12598	12596	12597
12587	12586	12585	12584	12588
12590	12589
12576	12575
12579	12578	12583	12582	12581	12580
12570	12571	12572
12573	12574
12617	12618
12624	12625	12623
12613	12612	12611
12615	12614	12616
12608	12606	12607	12605
12609	12610
12599	12600
12602	12603	12601	12604
12537	12536	12538
7054	7052	7053	7050	7051	12533	12532	12535	12534
12522	12523
12520	12521
9394	9395	12895	12897	12896	12516	12517	12518	12519
3802	10375	10374	12514	12515
12512	12513
12511	12510
12566	12567	12568	12569
12562	12563	12564	12565
12560	12561	12559
12557	12556	12558
12549	12551	12550	12553	12552	12555	12554
12545	12547	12546	12548
12544	12543	12542
12541	12540	12539
12923	12924
12930	12931
12934	12933
8323	8327	8326	8325	8324	12940	12938	12939	12936	12937	12935
12950	12949
7281	11812	11808	11809	11810	11811	12954	12953	12952	12951
12958	12957	12956	12955
4231	11177	11176	10521	10520	10523	10522	10525	10524	10526	12959	12960	12961	12962	12963
4842	4841	7319	12902	12964	12965	12753	12752	12754	13942	13943
12968	12969	12966	12967
12981	12980	12979
12985	12984	12983	12982
12988	12987	12986
12989	12991	12990
12994	12992	12993
12995	12996
13057	12860	12861	12858	12859
12856	12857
12867	12866
12865	12864	12862	12863
2085	2635	3146	3180	3181	3178	3179	3177	5411	6310	6806	7836	7835	12871	12870
12869	12868
12493	13448	13449	15158
12874	12873	12872
12894	12892	12893
12887	12888	12889
12907	12906	12909	12908
12899	12898
12914	12915
12912	12913
12919	12920	12921	12922
12916	12917	12918
6564	6710	6711	6708	6709	6706	6707	6704	6705	6716	6714	6715	6712	6713	6703	6702	7541	13120	12801	12800	12506	12505	12504	12503	12502	14224	13918	13919	13920	13678
12803	12802
12797	12796
12799	12798
12815	12814	12813	12816
12818	12817
12807	12806	12805	12804	12808
12259	12258	12257	12812	12811	12810	12809
12837	12836	12839	12838	12835	12841	12840
12844	12843
12822	12820	12821	12819	14047	14048	14741
12823	12824
12852	12853	12850	12851
12854	12855
12845	12847	12846
12848	12849
12756	12755
12748	12749	12750	12751	12747
12744	12745	12746	12743
12741	12742
12767	12766
12973	12974	12975	12977	12976	12978	12765	12764	12761	12763	12762	14200	14199
12760	12759
12757	12758
12778	12777
12776	12774	12775	12772	12773
12770	12771
12768	12769
12795	12794
12792	12791	12790	12789
4874	6335	6334	6333	6332	6336	12787	12786
12785	12784	12782	12783	12780	12781	12779
12169	12171	12170
12173	12172	12174
12165	12164	12166	12163
12167	12168
12131	12132
6422	6423	6426	6424	6425	8896	8892	12161	12160	12162	12138	12139	12136	12137	12142	12143	12140	12141	12134	12135	12133	12155	12154	12153	12152	12159	12158	12157	12156	12147	12146	12145	12144	12151	12150	12149	12148	12879	12878	12877	12882	12883	12880	12881	12886	12884	12885	12942	12943	12941	12944	12492	13323	13327	13326	13325	13324	13328	15157	14404
12115	12116
12120	12117	12119	12118
12109	12110
12111	12113	12112	12114	12621	12620	12622	12619	12290
12102	12103
12105	12106	12107
12096	12097
12098	12099	12100	12101
12089	12088	12087	12086
12095	12094
12239	12238
12235	12237	12236
12231	12233	12232	12234
12229	12230
12222	12223	12221	12225	12224	12227	12226	12228
12220	12218	12219	12217
12214	12215	12216
12207	12208
12206	12205
12199	12202	12201	12200
12198	12197	12196	12195
12194	12193
12192	12189	12190	12191
12188	12185	12186	12187
12183	12184
12175	12176	12177
11981	11980
11983	11982
11986	11987	11984	11985	11988	11989
9405	9406	9407	9409	9408	11991	11994	11995	11992	11993	11620	11621
11965	11966
11971	11970	11969	11968
11975	11974	11973	11977	11976
11979	11978
11949	11948	11951	11950	11947
11952	11953
11956	11957	11958	11954	11955
11959	11960	11961	11962
11940	11939
11941	11942
11943	11944
11945	11946
12076	12074	12075
12066	12065
3622	3623	3621	4638	4639	4640	10977	10976	12085	12084	12083
12078	12077
12046	12047
12040	12041	12042	12043	12039
6566	10439	10438	10437	10436	10435	12061	12060	12063	12062	12057	12059	12058	13118	13119	12947	12946	12945	12392
12049	12050
12030	12031
12027	12028	12029
12036	12037	12038
12032	12033	12034	12035
9544	9545	9546	9547	12016	12017	12018
12013	12012	12015	12014
12025	12026
12019	12020	12021
12388	12387
12389	12390
12380	12381
12385	12386
12399	12398	12400	12401
12404	12405	12406	12402	12403	14193
12393	12395	12394
12397	12396
12354	12353
12356	12355
12349	12350
12352	12351
12370	12371
12374	12375	12376
12358	12357
12359	12361	12360
12472	12471
12463	12465	12464	12467	12466	12469	12468	12470
12461	12462
12459	12460
12509	12508	12507
12494	12495	12490	12491	12488	12489	12486	12487	12484	12485	12482	12483	12501	12500	12499	12498	12497	12496
12480	12479
12473	12475	12474	12476
12443	12442
12440	12439
12414	12415	12426	12427	12424	12425	12430	12431	12428	12429	12418	12419	12416	12417	12422	12423	12420	12421	12435	12434	12433	12432	12437	12436
12407	12408	12409	12410
12367	12366	12365	12364	12363	12362	12368	12369	12457	12458
12456	12454	12455
12449	12450	12451	12452	12453
12445	12444
12267	12266
12269	12268
12271	12270	12272	13271
12274	12275
12278	12277
12282	12283
12286	12287	12284	12285
12289	12288
12244	12245
12246	12247	12248	12249
12251	12252
12253	12254
12256	12255
5861	7579	9132	9131	9130	8633	12261	12260
12263	12262
12265	12264
12314	12315	12313
12311	12312
12327	12326	12329	12328
12320	12318	12319	12316	12317
12342	12343
12340	12341
12347	12348
12344	12345	12346
12294	12293
12291	12292
2079	4385	4387	4386	4389	4388	4391	4390	4264	4345	5082	7112	7106	7111	7109	7218	7217	11302	12302	12301	12300	13909
12299	12298
12306	12305
12303	12304
12310	12309
12307	12308
11533	11534
11528	11529	11530	11531	11532	11527
11523	11524	11525	11526
11518	11519
11516	11517	11515
11513	11514
11509	11510
11508	11505	11506	11507
11566	11567	11565
11562	11563	11564
11560	11561
11558	11559
11551	11554	11552	11553
11547	11549	11548
11541	11540	11543	11542
11535	11537	11536	11539	11538
11583	11584
11585	11586
1766	1916	2086	2088	4359	5044	8301	9359	9358	9357	9356	11578	11577	11576	14353
11581	11580
11573	11572
11575	11574
11569	11568
11571	11570
11613	11612	11615	11614	11611	11618	11619	11616	11617
4967	5655	7135	7136	7137	7138	7139	7140	7141	7142	7143	9396	11622	11623
11607	11606
11609	11608	11610
11596	11597	11598
11599	11600
11588	11589	11587
11592	11593	11594	11595
11377	11376	11378
11372	11373	11374	11375
8675	10132	10133	10134	10135	10130	10131	10136	10137	10209	11393	11392	11389	11388	11391	11390	12734
11381	11380	11383	11382	11379
9489	9488	9487	11364	11365
11361	11362
11370	11371
11368	11366	11367
11418	11419	11417
11414	11415	11413	11416
11422	11423	11424
11420	11421
11407	11406
11399	11403	11402	11401	11400	11405	11404	12828	12826	12827
11411	11412
11410	11408	11409
11449	11450	11451	11452	11453	11454	11455
11458	11457	11456
11460	11459
11462	11461
11425	11426
11427	11429	11428	11431	11430	11433	11432	11434
11440	11441	11442	11435	11437	11436	11439	11438
11443	11444	11445	11446	11447	11448
11486	11485
11487	11489	11488	14230
11501	11500	11499
11504	11503	11502
11463	11464
11476	11477	11475
11482	11481
11484	11483
11798	11797	11796	11795
11794	11793	11792	11790	11791
11786	11787	11785
11782	11783	11781
11813	11814
5852	5856	5857	10189	11807	11806	11805	11804	11803
11802	11801
11800	11799
11828	11827
11825	11824	11826	11823
11817	11818
11816	11815
11859	11858	11857	11862	11861	11860	13106	13105	14387
11856	11850	11851	11848	11849	11854	11855	11852	11853
11846	11847	11845
11839	11842	11843	11840	11841	11844
11870	11869
11872	11873	11871
11866	11865	11864	11863
11867	11868
11891	11892
11896	11893	11895	11894
11881	11882
11884	11885
11911	11910	11912
11915	11914
11897	11899	11898	11900
11906	11905
11934	11933
11937	11936	11938	11935
11920	11921	11919
11932	11930	11931	11929
11633	11632
11626	11624	11625
11640	11639	11638	11637	11636
11635	11634
11649	11648	11651	11650	11653	11652	11655	11654	11647
11642	11641
11668	11669	11670	11671	11672	11673	11674	11675	13056
11661	11662
11682	11681	11680
11676	11677	11678	11679
4859	5930	11685	11579
11683	11684
11695	11696
11694	11693
11702	11703
11700	11701
11706	11707	11705	11708
11710	11711	11709	11712
11713	11714
11717	11716	11719	11718	11715	11721	11720
7299	10775	10774	10773	10772	10777	10776	11080	11081	11082	11083	11723	11722
8341	11725	11727	11726	11732	11728	11729	11730	11731
11733	11734	11735
11740	11741	11742	11736	11737	11738	11739	12448	12447	12446
11743	11746	11745	11744
11751	11750	11749	11748	11747	11757	11756	11755	11754	11753	11752
11759	11758	11762	11763	11760	11761
12279	12280	12281	11766	11764	11765
11767	11768
11770	11769
11772	11773	11771
11776	11774	11775
14776	14775
14774	14773
14771	14770	14772
14767	14769	14768
14788	14786	14787
13011	13010	13009	13014	13013	13012	14784	14785
14783	14782	14781	14780
14779	14778	14777
14754	14755
14752	14753
14751	14750
14749	14748
14766	14764	14765
14762	14763	14761
14758	14759
14756	14757
14732	14733
14734	14735
14728	14729
14730	14731
14745	14744
14747	14746
14739	14738	14740
14743	14742
14710	14711
14712	14713
5526	7931	7930	7934	7933	7932	11724	14706	14646	14647	14645
14708	14709	14707
14721	14722	14723	14724
14725	14726	14727
14716	14714	14715
14720	14718	14719	14717
14864	14865
14863	14862
14870	14871	14869
14868	14866	14867
14879	14880
14878	14876	14877
14885	14884
14883	14882
14843	14842	14841	14840
14838	14837
14849	14848	14847
14846	14845	14844
14854	14853	14852
14851	14850
14861	14860	14859
14855	14858	14857	14856
14813	14814
14816	14815
14818	14819	14817
14820	14821
14824	14822	14823
14826	14827	14825
14830	14831	14828	14829
14836	14835
14789	14790
14145	14144	14146	14792	14793	14791
14796	14794	14795
14798	14799
14801	14800
14805	14804	14806	14803	14802
14808	14807
14812	14809	14811	14810
14967	14968
14964	14965	14966
14961	14962	14963
14960	14959	14958
14955	14957	14956
14953	14954
14951	14950	14952
14947	14949	14948
14945	14944	14946
14942	14943
14939	14940	14941
14938	14936	14937
14934	14935
14932	14933
8247	8246	8249	8248	8251	8250	10380	14930
14928	14929
14923	14925	14924
14927	14926
14919	14918	14917
14922	14921	14920
14914	14913
14915	14916
14908	14909	14910
14912	14911
14904	14905
14906	14907
14896	14897	14895	14894
14900	14901	14902	14903	14898	14899
14891	14890
14893	14892
14887	14886
14889	14888
15032	15031
15029	15030
15037	15039	15038
15036	15033	15035	15034
15024	15023
15020	15021
15028	15027
15025	15026
15016	15015
15012	15013	15014
12022	12023	12024	15019
15017	15018
15007	15006
15005	15004
15010	15011
15008	15009
14996	14995
14999	14998	14997
15001	15000
15003	15002
14988	14987
11836	11833	11832	11835	11834	11829	11831	11830	14989
14990	14991
14994	14993	14992
14980	14979
14982	14981
14984	14983
14986	14985
14969	14970
14971	14972
14976	14973	14974	14975
14978	14977
14373	14372	14375	14374
14377	14376
14369	14368	14367
14371	14370
14385	14386
14388	14389
14379	14378	14381	14380	14382
14384	14383
14396	14397
14400	14398	14399
15022	14390	14391	14392	14393
14394	14395
14409	14408
14414	14413	14412	14411
14403	14402
14407	14406	14405
14331	14330	14329	14328
14327	14326
14325	14324
14323	14322
14342	14341
14339	14338	14340
14337	14336
14335	14334
14354	14355
14352	14351
14350	14349
14343	14346	14345	14344
14366	14365
14363	14364
14362	14361
14358	14359	14356	14357	14360
14478	14479
14481	14480
14486	14485
14490	14489	14488	14487
14491	14492
14495	14494	14493
14496	14497
14498	14499	14500
14501	14502
14504	14503
14505	14506
14507	14508
14737	14736	14512	14509	14510	14511
14513	14514
14515	14516
14517	14518
14418	14417
14416	14415
14422	14421
14420	14419
14426	14427
14423	14424	14425
14433	14432	14434
14428	14429
14439	14438
14437	14436	14435
14447	14446
12948	14615	14445	14444	14441	14440	14443	14442
14450	14451
14448	14449
14476	14477
14472	14466	14467	14464	14465	14470	14471	14468	14469	14452	14453	14454	14455	14460	14461	14462	14463	14456	14457	14458	14459
14580	14579	14578
14581	14583	14582
14573	14574	14575
14577	14576
14568	14569
14572	14571
14564	14562	14563
14565	14566	14567
14599	14601	14600
14603	14602	14604
14593	14595	14594
14597	14596	14598
14589	14590
14592	14591
14585	14584	14586
14588	14587
14540	14541	14539
14538	14537
14536	14534	14535
14532	14533	14531
14530	14529
14528	14525	14527	14526
14523	14524
14520	14519
14560	14561
14559	14558
14557	14556
14555	14554	14553	14552	14551
14550	14549
14548	14547	14546
14545	14544
14542	14543
14669	14670
14671	14672
14673	14674
14676	14677	14678	14675
14657	14656	14655
14660	14659	14658
14663	14664
14665	14667	14666
14692	14691
14695	14694	14693	14696
14700	14699	14698	14697
14703	14702	14701	14704	14705
14679	14680	14681	14682
14684	14685	14683
14686	14687
14690	14689	14688
14621	14622	14623
14619	14620
14633	14632
14627	14626	14625	14624	14631	14630	14629	14628
14609	14610	14611	14612
14607	14608
14616	14617	14618
14613	14614
14648	14649
14643	14644
14654	14653
14650	14651
14638	14637
14635	14634	14636
14642	14641
14639	14640
13958	13957	13781	13780	13783	13782	13779
13959	13960	13961
13962	13963
13966	13967	13965	13968
13971	13970
13973	13972
13981	13980
13983	13982
13935	13934
13936	13937	13938
13939	13940	13941
13944	13945
13946	13947
13948	13949
13950	13951
13095	13099	13098	13097	13096	13956	13954	13955	13952	13953	14652
6289	6288	6291	6290	6293	6292	6295	6294	6285	6286	6287	14007	14006
14005	14004
14015	14016
14013	14012	14009	14008	14011	14010
14019	14020	14021
14018	14017
14026	14027
14024	14025
13988	13986	13987
13984	13985
13992	13993	13994
13989	13990	13991
13997	13998
13996	13995
14001	14003	14002
13999	14000
14067	14068
14069	14071	14070	14072
14062	14063	14064
14065	14066
14077	14079	14078
14081	14082
14073	14074
14075	14076
14039	14038	14037
14046	14045	14044
14030	14031	14028	14029
14035	14034	14033
14054	14055	14056
14057	14058	14059	14060
14049	14050
10053	12092	12091	12090	14051	14052	14053
14115	14114
14113	14112
14108	14109	14110	14111
14106	14107
14126	14125
14124	14123
14122	14121	14120
14119	14118	14117	14116
14093	14092	14095	14094	14091
14089	14088	14090
14087	14086
14085	14084	14083
14104	14105
14102	14103
14100	14099
14096	14097	14098
14169	14170
14171	14172	14173
14174	14175
14179	14178	14177	14176
14152	14151
14153	14155	14154
14157	14158
14165	14166	14167
14140	14141
14142	14143
14147	14148
14149	14150
14132	14131
14134	14133
14136	14135
14138	14139
14216	14217	14218
14213	14214	14215
14225	14227	14226
14220	14221
14206	14207	14208
14203	14204	14205
14212	14211
14209	14210
14194	14195
14192	14191
14202	14201
14196	14197
14185	14184	14183	14182
14181	14180
14190	14189
14187	14186
14266	14265
14271	14270	14269	14268	14267	14272	14273
14258	14257	14256
14262	14261	14260	14259
14252	14253
14254	14255
14248	14249
14250	14251
14244	14245	14243
14246	14247
14239	14240
14242	14241
14233	14235	14234
14237	14236	14238
14229	14228
14231	14232
14321	14320
14318	14319
14315	14316	14317
14311	14314	14312	14313
14310	14309
14299	14301	14300	14303	14302	14306	14307	14304	14305
14297	14298
14295	14294	14296
14291	14293	14292
14289	14290
14288	14287
14285	14286
14283	14284
14281	14282
14277	14278	14279	14280
14274	14275	14276
13792	13493	13495	13494	13496
13487	13488
13501	13502
13497	13498
13508	13509
7085	7086	13506	13507	13505
13514	13512	13513
13510	13511
13518	13519	13517
13516	13515
13527	13528
13526	13525	13524
10727	10726	10725	12093	13536	13535
13534	13533	13532	13531	13530	13529
13540	13541	13542
13537	13538	13539
13543	13544	13545	13546
13548	13549	13550	13547
13551	13552
13555	13554
13557	13556	13558
13559	13561	13560
13564	13563	13562
13565	13566
13568	13567
13569	13570
13571	13572
13573	13574
13579	13578
13581	13580	13582
13584	13585	13586	13583
13587	13588	13589	13590
13611	13610	13609	13608	13613	13612	13607	13606
13603	13602	13601	13600	13605	13604
13596	13597	13598	13599
13592	13593	13594	13595	13591	14430
13637	13636	13633	13632	13635	13634
588	3549	5587	13631
13622	13623
13619	13620
13652	13651
13648	13649	13650
13645	13644	13647	13646
13640	13639	13638
11657	11656	11659	11658	11660	13660
13657	13658	13659
13656	13655
13653	13654
13666	13665
13670	13669	13668	13667
13661	13662
13664	13663
13677	13676	13675
13682	13681
13672	13671
13674	13673
13690	13691	13689
13694	13695	13693
13684	13685	13683
13688	13686	13687
13701	13702	13703	13704
13705	13706
13697	13698
13699	13700
13735	13738	13736	13737
13731	13734	13732	13733
13742	13741
13739	13740
11201	11200	11203	11202	11205	11204	11207	11206	13713	13712	13714
13707	13708	13709	13710	13711
4545	13260	13261	13262	13730	13728	13729	13725	13727	13726	13446	13447
5115	5117	5116	5119	5118	5605	5120	7768	13723	13722	13724	13503	13504
13759	13758
13755	13757	13756
13764	13762	13763
13760	13761
13746	13745
13744	13743
13751	13754	13753	13752
13750	13749
13785	13784	13787	13786
13789	13788
13791	13790
13794	13793
13765	13766	13767	13768	13769
13772	13773	13770	13771
13774	13775
13777	13776	13778
13815	13814
13820	13819	13818
13822	13821
13824	13823
13798	13797
13806	13804	13805	13802	13803	13801
13808	13807
13813	13812
13850	13851	13849
13848	13847
13846	13844	13845
13842	13843	13840	13841
13839	13838
13837	13836
13835	13834	13833
13827	13826	13825
13873	13874
13871	13872
1841	1840	1842	5940	13869
13868	13867
13865	13866
13864	13863	13862
11880	11874	11875	11876	11877	11878	11879	13854	13855	13861	13860	13857	13856	13859	13858	14661	14662
13852	13853
13898	13897
13899	13902	13901	13900
13894	13893	13892
13896	13895
13887	13889	13888
13891	13890
13878	13879
13880	13881
13929	13931	13930
12072	12070	12071	13933	13932
10633	10632	10634	10631	10630	13921	13923	13922	13925	13924	13926
13928	13927
13912	13913	13911
13916	13917
13903	13904
13906	13907	13905
4861	4860
4810	4811	4812	4813	4814	4815	4825	4824	4827	4826	4829	4828	4831	4830	4817	4816	4821	4820	4823	4822	11321	11322
4871	4873	4872
1233	4868	4867	4866	4865	4864	4863	4862
1999	1998	2594	2593	2589	2588	2591	2590	2587	4384	4382	4383	4380	4381	4909	4908	4907	4906	7373
4886	4887	4890	4888	4889	4858	9347	9346	9345
4955	4958	4959	4956	4957
645	1696	3930	4925	4926	4927	4930	4929	4928	4939	4943	4942	4941	4940	6694	6693	6692	6691	6690	6689	6688	10002	10327	10326	10325	10324	12056
4685	4684	4687	4686	4688	4689	4690	4691	6601	10733	13748
4677	4676	4679	4678	4680
4719	4718
4695	4696	4697	4698
4767	4770	4771	4768	4769	6121
301	4726	4727	4728	4729
4808	4807
4798	4797	4796	4795	4794	4793	4792	4791	4790	4800	4801	4802	4803	4804	4805	4806	5481	5482	5476	5479	6249	6248	7272	7271	7270	7911	7914	7915	7912	7913	7916	7917	7794	7792	7793	10871	12642
4594	5628	5630	5627	5626
4604	4601	4600	4603	4602	4597	4596	4599	4598	4593	4592	4595	13388	13387
4605	4606
4621	4620	4617	4616	4619	4618	4628	4629	4630	4631	4625	4626	4627	4632	4633	4809
4232	4229	4636	4637	4635	4644	4643	4642	4641	5885	10279	10280
4647	4646	4645	4651	4650	4649	4648	7047	7045	9674
4663	4664	4665	7927	7929	7928	12212	12213	12210	12211	12209
4670	4671	4668	4669	4666	4667	4672	4675	4674	12825
4474	4482	8076	9784	9781	9780	9783	9782	9777	9776	9779	9778	12592	14483	14482	14484
4496	4494	4495
4499	4498	4497
2458	2684	2991	2878	2873	4528	4521	4522	4523	4524	4525	4526	4527	4318	9580	13616	13615
4529	4530
2236	2713	4537	4539	4538	4541	4540	5970	5971	5972	5973
279	281	1134	1133	2341	2342	2344
1028	2516	4057	4586	4587	5416	5419	5421	5422	5933	5934	5812	5811	5810	5809	5808
1019	1009	1005	1007	1006
5282	5283	5286	5287	5284	5285	5290	5291	5288	5289	5292	6235
1806	2881	5267	5266	5269	5268	5271	5270	5273	5272	6162	6163	6164	6165	9028	9033	9034	9035	9036	9705	10433
5251	5252	5253	5254	5255	5256	5257	5258	5259	5260	5261	6793	7767
5350	5351	5348	5349	5347	5352	5353
5346	5345
103	203	196	232	229	342	341	579	767	801	775	773	768	908	1128	1127	1230	1236	1234	1250	1397	1396	1399	1398	1393	1395	1394	1388	1389	1390	1386	1387	1560	1556	1558	1553	1555	1554	1751	1752	1753	1754	1755	1711	1710	1709	1708	1707	1706	2107	2110	2109	2108	2112	2659	2645	2647	2646	2875	2880	2910	3129	3493	3495	3494	3725	3957	3956	4932	5045	5046	4723	4725	5388	5338	7080	7081	7079	6940	6966	6967	7469	7468	7471	7470	7168	7984	7985	7986	8856	8857	8854	8855	9013	9012	9011	9240	11292	12788	12384	12382	12383
5318	5319
5163	5161	5160	5164	5155	5154	5153	5152	5159	5158	5157	5156	5150	5151	6430	6429
5144	5145	5146	5147	5148	5149	5142	5143
5138	5139	5140	5141
4765	4764	4763	5135	5136	7867
2340	5228	5227	5226	5225	5224	5223	5222	6612
5204	5205	5202	5203
5197	5196	5199	5198	5193	5192	5195	5194	5200	5201	7049	11263
5170	5171	5168	5169	5172
5087	5086	5085
5088	5089	5090
319	697	864	865	868	855	854	856	861	839	898	1206	2345	4077	4079	4078	4080	4081	4082	4083	7421	7420	7419	7418	7416	7367	9348	9639
5083	5084
307	309	310	1116	1325	1952	2178	2242	3422	3426	3427	3918	3923	4143	4142	4144	4145	5620	5619	5129	5128	5125	5127	5126	6120	5717	5718	7408
287	288	1517	1516	1513	1515	1514	1452	1725	1867	1864	2186	2267	2521	2349	2750	2751	2748	2749	2747	2753	2752	2754	2598	2599	2903	2902	2901	2900	2907	2906	2905	2904	2909	2908	3363	3364	3951	4512	4513	4511	4510	4509	4508	4700	4701	4702	4739	5131	5130	5133	5132	5134	14605	14606
5101	5102
1119	1118	1359	1317	1700	1699	1698	2348	5105	5106
4979	4980	4981	4982	4983	4984	4985
343	344	330	329	2487	2404	3526	3524	3529	3528	4377	5016	5015	5081	8525	8526	12632
4413	4417	4961	4960	4963	4962	4965	4964	4966	4969	4968	4971	4970	4973	4972	4974	5662	5653	6729	6728	6730	8920	8918	8919	8245	9526	10778
3794	3795	3785	4607	4976	4977	4978	4975	4609	4608	4610	5647	5648	5649	5650	5651	5881	5880	7791	7790	8929	8931	8930	8932	9849
1142	1024	1026	1869	2300	2746	3147	3377	4015	4016	4017	4326	4307	4306	5053	5055	5054	4721	5344	5343	5342	5713	5714	5715	5747	6212	6935	6936	13308
84	574	747	746	745	744	748	739	738	740	752	753	756	730	733	723	2252	2251	3716	3713	3712	3715	5058	5059	5804	8138	8139	8136	8137	13445
5036	5032	5033	5034	7503	7502	9697	9696
5052	5049	5051	5050
1634	2117	2118	2119	4095	4043	4042	4041	4047	4046	4045	4044	4097	4096
4005	4004
304	396	1114	1108	2039	2040	2302	2058	2513	2795	2792	2798	2797	2796	2787	2786	2791	2790	2789	2788	2822	2823	2820	2821	2819	3171	4087	4088	3914	3915	3916	3917	3928	3927	3925	3924	4752	6611	9192	10237	11690	14036	14881
105	3479	3482	3483	3480	3481	4067	4070	3954	4576	4575
3970	3969	3963	3965	3964	3967	3966
3961	3960	3962	3959	3958
3838	3839	3836	3837	4001	4000	4003	4002	4486	4484	10458
3968	7296	7297	7298	7300	7301	12412	12413	12411	12321	12322	12325
3895	3894
1008	1904	3944	3945	3949	3941	3943	3931	3852	3850	3848	3849	6949	7667	7666	7184	7176	8602	8603
643	1780	2552	3746	4055	3946	3947	3948	3950	3936	3937	3940	3942	3935	3934	3933	3932	7190	7191	9185	9184
3897	3896
3826	3824	3825	3823	3822	14308
3811	3812
274	1662	2679	2678	2682	2681	2680	4032	3847	3844	3845	4766
1701	3842	3843	3840	3841
3792	3793	3784	3787	3786	3789	3788	3791	3790	3974	3973	3972	3971	4408	4410	4411	4412
3796	3797
3808	3799	3807	11605	11604	11603	11602
3798	3803	3804	3805	3806
3757	3756
3766	3767	3764	3765	3763	3768	3769
3770	3771
3783	3782
3682	3683	3681	3686	3675	3674	3676	3679	3678	3663	8071	9058	9059	9060	8689	8685	11002	11003	11004	11005	11006	10295	12011
3690	3691	3688	3687	3677	3665	3664	4843	4840	4846	4847	4844	4839	4836	9952	9951	10993	10994	10995	10996	10997
313	320	707	2944	2943	3329	3697	3696	3694	3695	3692	3693	4916	5375	5772	5773	5774	5775	5768	5769	5770	5771	5781	5777	5776	5779	5778	7410	8524	8522	8523	8550	8548	8549	8546
125	252	253	494	2078	2650	2933	3718	4135	4134	4133	4132	4139	4138	4137	4136	4141	4140	5944	5943	6340	6339	6919	6918	6917	6915	6914	6912	6920	6911	7995	9903	9902	9355	10422
2843	2840	3415	3598	4947	4950	4948	4949
3262	3616	3617	3613	3612	3615	3614	3609	3608	3611	3610	3605	3604	3607	3606	3603	3602
3667	3666	3669	3668	3671	3670	3657	3658	3659	3660	3661	3662
3673	3672
3646	4453	4451	4450	4835	7160	7157	7156	7159	7158	10140	10139
3977	4422	4430	4429	4426	6260	8661	8662	9217	12068	12069	12067
4409	4414	4415	4416	7144	7145	7146	7147	7010
4404	4405	4406	4407
4393	4394
3385	4363	4362	4361	4366	4365	4364	5765	5766
1540	4357	6122	14263
4337	4336
1382	3167	4332	4333	4330	4331	4329	7525	7524	7523	8316	8315	8314	9237	9383	9385	9384
4278	4288	4289	4290	4291	7192	7193	7194	7195	7196	7197	7198	10314
2515	2980	2977	2976	2978	2996	2997	3442	4370	4371	4374	4375	4372	4373	4283	4282	4280	4287	4286	4285	4284	4279	6341	6342	6338	6944	6673	6674	6675	6671	6670	6665	6667	6666	8147	8146	9586	12048
4275	4274	4273	4272	4277	4276
8119	9654
4253	4252
4249	4251	4250	4243	4245	4244	4247	4246	7813	7814	7815	7816	8262	8260	8261	10794	10795	10387	10288	10283	10284	10285	10287	10606	10604	10605	10602	10603	10601
4235	4236	4238	4239	4241	4242	8338	8339	8336	8337	8340	9785
4225	4226
3815	3814	3813	3818	3817	3816	3821	3820	4233	4234	4227	4228	4230	4819	4818	10205	10206	10207	9413	12735	13747	13353	13354	14474	14475	14473
4214	4215	4222	4220	4221	4218	4219	10276	12524	12525	12526
4223	4224
4207	4206	4205	4204	4211	4208	4209	6461	6462
4212	4213
4177	4178
4198	4197	4196	4195	4194	4193	4180	4181	4182	4183	4179	4189	4190	4191	4184	4185	4186	4187	7596	7597	7598	8223	8230	9515	9516	9517	11243	11242	11241	11240	11244	11067	11066	11907	14570
2016	2537	2536	2538	2535	2534	2312	4125	4126	4164
4165	4166
1226	1235	1243	2009	3550	3544	4147	4150	4148	8174	8175	8177	8176
467	450	448	488	485	484	486	483	482	1804	1802	1800	1801	1799	1940	2214	2506	2501	2858	3106	3105	3703	4154	4155	4152	4158	4159	4156	4157	5583	5798	5799	5796	5797	5794	5795	5792	5793	6528	6529	6547	6546	6524	6525	6526	6527	6520	6521	6522	6523	7104	7105	6800	6794	6768	6769	6767	7826	7725	7724	7723	8309	8425	8424	8426	9256	9257	9255	10425	10426	10423	11479	11480
4116	4117
3337	3872
1379	1502	1503	1500	1501	1498	1497	2558	2559	2562	4089	4090	5114	5387	5246	5247	5241	5248	5249
4107	4106	4108	8847	11777
6123	6124	6125
6129	6128	6130
4167	4169	4168	4170	6131	6133	6132	6135	6134	6137	6136	6139	6138	6141	6140	11545	11544
6160	6148	6159
275	280	2405	3175	4378	6087	6161	6166	6167	6168
2303	3312	6085	6361	6360	6172	6173	6174	10073	10072	10074	10071
460	2162	2158	4086	5597	6178	6183	6182	6181	11351
6187	6186	6185	6184
308	2200	2202	2203	2204	2205	2192	2193	2197	2198	2199	2187	2189	2188	2191	2190	3190	4128	4127	5914	5912	5913	6236	6213	6214	6942	6943	8142	8143
3580	6389	6388	6387	6386	6228	6224	6225	6226	6227	6221	6223	6222	11280
6229	6230
6233	6234
6035	6262	6261	6258	6259	6256	6257	6268	6266	6267	6264	6265	6255	6254	6253	6252	6251	6250	9931	9932	11908	13521	13520
6270	6271	6269
6272	6273	6274
6280	6281	6282	6283	6284	6275	6276	6277	6278	6279	8053	8676	8674	8673	8672
4199	4203	4202	4200	5478	6008	6009	6010	6011	6012	6005	6006	6007	6597	6815	6814	9523	9525	9524
6003	6004
6028	6026	6027	6025	5654	7282	7279	7278	7277	9598
6013	6014	6015	6016	6017	7276	7275	7274	7273	10204
3983	3982	3981	3980	3979	3986	3987	3984	3985	6038	6037	6036	9599
6034	6033	6032	6030	6031	6029	6585	6584	6587	6586	6589	6588	6583
4452	4455	4454	4449	4448	4457	4456	4458	4438	4435	4447	4483	4480	4481	4662	4661	6052	6053	6054	6055	6049	6050	6051	6056	6057	10992	10790	11918	12010	12591	14164
6039	6047	6046	6042	6041	6040
6065	6067	6066	7150	7151	7153	7152	7154
3641	3640	3639	3638	3637	3636	3635	3634	3633	3632	3630	3631	3628	3629	3627	3624	5523	5522	5521	5520	5524	5515	5518	5519	5516	5368	6060	6061	6062	6058	6059	7042	7043	6865	6864	6867	6866	6869	6868	9149	9147	10054	10055	10224	10225	10223	10222	11498	12830	12831	12829	12832
2483	5333	5334	5919	6082	6083	6081	6086	6084	6088	6089	6958	7378	7999	9711	9710	9709
6080	6079
6099	6098	6097	6096	6102	6101	6100	6091
6090	6094	6095	6092	6093
6114	6115
465	1762	3458	3851	6107	8444	8445	8446	8447	10416	10417	10418	10415	14431
6484	6485	6483
3645	3644	3643	3626	3625	6486	6487	6488
6455	6456	6457	6458	6459	6460
6479	6478
2580	2584	6501	6500	6503	6502	6497	6496	6499	6498	6505	6504	11582	13624
6516	6517	6518	6513	6514	6770	6771	8872	8871	8870
6490	6489
6494	6493
3331	5935	6555	7951
6559	6558
6530	6531	6532	6533
6543	6544
6575	6576
5996	6577	6579	6578	6581	6580
6568	6561	6562	6563	6565	6567
5629	6570	6571	6572	6574	7438	7437	9820	9507	9508
2737	2731	6323	6322	6321	6320	6326	6325	6324	6319	10313
2815	2816	6314	6315	6313	6316	6317	8183	8182	8185	8184	8186	7944	7943	7942	7941	9248	13626	13627
6306	6307	6304	6305
6297	6299	6298	6301	6300	6303	6302	10732
3204	3380	6393	6392	6391	6390
1732	4153	5586	5585	5584	5582	5581	6382	7966	7973	7972	7974	7969	7968	7971	7970	9701	11473
6359	6358
6331	6330	6329
6411	6415	6414	6413	6412	6418	6419	6416	6417	6420	10560
6406	6405
6401	6400
3758	5060	6654	6399	6364	6363	6362	6968	7745
6569	6449	6450	6451	6452	6453
6437	6436	6438	6441	6442	6445	6444	6447	6446	6448	6994	6992	6993	6998	6999	6996	6997	7000	7001	7677	7676	7679	7678	7675	7252	7253	7254	7251	7681	7680	7682	9726	9724	9725	9721	10629	11490	12730
6433	6432	6431
6427	6428
5502	5503
3465	3651	4469	4476	4478	4479	4472	4473	4475	4446	4445	5536	5537	5531	5530	5535	5534	5533	5532	6045	6296	6147	6151	6150	6153	6155	6154	6157	6156	6158	7048	7315	7317	7316	7320	8811	8812	8813	8946	9146	8344	8342	8343	11000	11001	10998	10999	10289	10291	10290	10292	11819	13025	14156	14198	14014	13692
5538	5539
3731	4490	4491	4488	4489	4492	4493	5541	5542	5543	5544	5545	5546	10572	10573	10574
5473	5475	5474	10379	10378	10377	10376
4210	5485	5486	5483	5635	13817	13816	13391	13390
5492	5493	5494	5495	5490	5491
5500	5501	5496	5497	5498	5499
5589	5588
5596	5595
2184	2183	3070	3073	4520	4519	5617	5616	5618	5606	5607	5612	5613	5614	5615	5608	5609	5610	5611	6407
5631	5633	5632	5634
5557	5556	5558
5559	5561	5560
1136	2194	2195	2196	2769	4322	5572	5570	5569	6206	6207	6205
5574	5575	5573	5568	5580	5578	5579	5576	5577	5567	6204	10235
508	509	504	501	2365	2364	5392	5391
5382	5381	5380
5424	5423
5414	7529	7528	7527	10835	10836
5359	5362	5361	5360
5358	5356	5357	5354	5355	5883	5882
5372	5371	5370
5512	5367	5365	5364	5363	6064	6063	6836	6835	8351	8349	8353	8352	8354
5464	5462	5463
5460	5461	5459
5472	5470	5471	5469
5468	5466	5467	5465
102	101	106	107	3318	3324	3366	5434	5435	5436	5437	12250
5425	5426	5427	5428	5429	5216	5213	5215	5275	7630
5456	5455
5454	5453	5452	5451
5851	5853	5855	5854	7266	11904	11901	11903	11902	13680	13679
5858	5859	5862	5863	5860	5866	5867	5864	5865	5870	5868	5869	8467	8466	8469	8468
5836	5837
5623	5625	5624	5841	5840	5843	5845	5844	5847	5846	5849	5850	6573	7003	9262	9263	9265	9264
5789	5788	5791	5790	5787	5786
5751	5802	5800	5801	8285	8318
646	6111	6110	6112	6113	5759	5764	5761	5762	5763	6751	6752
93	2644	3445	3444	3441	3443	5013	5011	5010	5009	5008	5006	5007	5005	5767
5967	7360	7361	7359	7358	9892
5983	6000	6001	6002	5993	5992	5995	5994	5997	5998	5985	5984	5987	5986	5988	5990	6439	6440	7130	8015	8014	7687	10117	10118	9595	9594
5962	5961
1954	5978	5979	5976	5977	5980	5974	5975	9484	9485
5954	5953	5952	5948	5949	5950	5951	5945	5946	5947
5955	5958	5957	5956	6792
5893	5892	5891	5889	5888	5887	5886	9961	9963	9962	9964
905	1905	5968	5969	5910	5911	5908	5909	5906	5907	5904	5905	5903	5902	5782
5676	5675	5674	5673
5672	5671	5670
5663	5665	5664
4613	4612	4615	4614	4611	5661	7131	7132	8033	8035	8034	13020
5660	5656	5657	5658	5659	5652	7908
5645	5646
5644	5641	5643	5642
5636	7006	7005	14521	14522
311	312	1061	2653	3010	3009	3348	5722	5723	5760
5754	5755	5758	5756	5757
3024	5092	5739	5738	5737	5736	5743	5742	5741	5740	5746	5744	5745	9456	12481	14137
5731	5733	5732
211	1244	2581	5724	5725	5726	5727	5730	5729	5728	9202	9200	9201	9199	10179	10178
379	702	703	700	701	688	712	705	706	709	708	711	710	2268	2266	2573	3182	3412	3411	5705	5704	5707	5706	5708	5703	5702
5694	5692	5693
5679	5678	5677	5680	5681
7302	7303	7304	7305	7306	7307	7308	7309	7310	8491	11555	11556	11557	12651
7330	7331	7334	7335	7332	7333	7336	7337	7323	9858	9857	10138	10527	10528
7290	7291	7288	7289	7287
7294	7295	7293
7372	7374	7368	7369	7370	7371
2974	7375	9020	9019	9018	10230	10231	13915
5527	5529	5528	5517	7346	7345	7344	7348	7338	7339	7342	7343	7340	7341	11086	11087	14160	14161	14162	14163	14159
7364	7362	7363
3705	3701	4343	6190	7226	7227	7228	8284	8310	12377
7241	7240
7201	7200	7199
7203	7202
7256	7257	7255
7269	7268	7265	7264	7261	7262	7263	7258	7259	12890	12891
7245	7244	7246	7243	7242
7248	7249	7247
3810	3809	3800	7448	7446	7447	8664	8663	14797
7443	7444	7445
7439	7442	7440	7441
7435	7434	7436
766	4924	4921	4922	4923	4724	6318	7472
7465	7467	7466
3680	4660	4658	4659	7452	7453
7450	7451	7449
7402	7403	7401
7398	7396	7397	7394	7395	7392	7393	7391	7390
7383	7382
7381	7380
7433	7432
3762	3760	3761	3759	7431	7430	7429
7415	7414
7406	7407	7404	7405
1004	3209	3208	3211	3210	3212	7522
7532	7531
7540	7542	7537	7538	7539	8899	8898	8897	8901	8900
7554	7555	7552	7553	7551
7558	7559	7556	7557	7560
5839	5848	7562	7563	7561	7566	7567	7564	7565	7569	7568
7575	7574
7578	7577	7576	8331
7474	7475
426	605	976	977	971	970	969	974	1348	1347	7476
7492	7491	7490	7489	7488
6784	7500	7499	7497	7496	7495	7494	7493	7504	7505	8317
6403	6402	6404	6398	6397	6396	6395	6394	7498	7506	9700	9699	9698
7508	7509	7507
2561	6215	7514	7512	7513	7510	7511	9247	9246
7518	7519
2510	9707	9706	10950
7660	7656	7657	7658	7659	7626
7643	7642	7641
718	917	3523	3533	3532	3531	3530	3436	6916	7639	7638	7637	7636	7640	10432	10429	10431	10343	10344	10345	10346	10347	11359	11358	11357	11356	11360	11687	11686	11688
7665	7664
3112	3111	3420	5553	5552	5555	5554	5549	5550	5551	7652	7653	7654	7648	7649	7650	7651	7647	7646	7645	7213	8401	10938	10492
7685	7684	7683
7669	7668
7584	7585	7583
4783	4786	4784	5162	6126	5838	6435	6434	6247	6246	7582	7581	7580	7250
7589	7590	7591	7592	7593	7594	9402	9403	9404	10869	10870	10264	12323	12324
7586	7587	7588
7599	7601	7600
7595	7286	7284	7285	7283
7622	7620	7621	7618	7619
7609	7610
6701	6700
6718	6719	6717	6720
1204	6663	6662	6669	6664	8569	10571	11295
6676	6677	6678	6679	6680	6681	9364
6645	6644	6646
4514	4516	4517	4518	4912	4913	4914	4915	4911	4910	6652	6647	7110	7623	7624	7625
5601	6636	6637	6638	6632	6633	6634	6635	6628	6629	6630	6631	6624	6625	6626	6627	6623	6622	6621	6620	7526	8751	8752	12241	12127	12126
6641	6643	6642
6614	6613
6616	6615
6604	6602	6603
6606	6607	6605	6609	6608
6596	6595
6600	6598	6599
5871	5875	5874	5873	5872	5878	5877	5876	6591	6590
4201	4622	6022	6020	6021	6018	6019	6024	6582	6594	6592	6593	6463	6471	6467	6466	6464	6477	6476	6475	6474	6473	6472	7007	6733	6732
6851	6852
6834	6833	6832
6830	6831	6828	6829	6826	6827	6824	6825	6823
4425	6818	6819	6816	6817	8037	8778	8779	8782	8780	8781
6809	6808	6810
4105	4104	4882	4883	4880	4881	6788	6789	6785	6786	6787	10245
264	1363	1360	2233	2539	2814	2813	2576	2818	4901	4899	5004	5002	5003	5000	5001	4998	4999	4993	5030	5031	5209	5709	5710	5720	5721	6506	6695	6780	6781	9363	10834	10833	10832	13311	13312
6775	6778	6779	6776	6777
6759	6760
1623	1745	1746	6755	6754	6753	6758	6757	6756	7773
6747	6748
6745	6746
6736	6737	6738	6739	6735	6734
6727	6726
6725	6724
6721	6723	6722	9742	9743	9740	9741	9739	9748	9747	9746	9745	9744	12079	11546
6991	6990	6989
7009	7008
7011	7013	7012
3269	3270	7015	7014	7017	7016	7019	7018	6743	8051	8052	11250	11251	11252
6972	6973
6974	6975	6976
6978	6977
5999	6979	6983	6982	6981	6980	6987	6986	6985	6984	6988	7688	7686	10761	11055
6930	6928	6929
6934	6932	6933	6931	14041	14040
6959	6960	6961
6970	6971
6043	6857	6858	6859	6860
4468	6873	6875	6888	6882	6883	6886	6887	6884	6885	7313	7312	7314	7311	8509	12903	12905	12904
6890	6889
6891	6894	6895	6892	6893
7171	7173	7172	7174
7169	7170
7187	7188
1927	3938	5920	7177	7179	7178	7181	7180	7183	7182	7175
5176	5177	5174	5175	5173	7148	7149
7134	7133
7167	7166
4834	4832	4833
7077	7078
463	1035	1263	1565	1564	1567	1563	2245	2246	2072	3551	3553	3552	7068	7067	7066
7101	7100	7102	7097	7096	7099	7098	7095	7094
7092	7091
7040	7041
3689	7021	7020	7023	7022	7024	7025	7026	7027	7028	7029	7030	7031	7032	7033	7034	7035	7036	7037	7038	7039	7351	7350	7349	7355	7354	7353	7352	7357	7356	10724	10723	10722	11398	11397	13696
7065	7064
4248	7055	7044	7063	7062	7061	7060	7059	7058	7056	7464
8128	8129
8125	8127	8126
848	852	6328	6327	8109	8110	8111	8117	8116	8118	8113	8112	8115	8114	9014
8105	8106	8107
8160	8161
8159	8158
2265	2260	2259	8151	8150	8149	8155	8154	8153	8152	8157	8156	10409
3534	4368	4369	4367	8130	8131	8451
6069	8187	8188	8572	8570
8169	8170	8171	8172	8173
8167	8168
8162	8163	8164	8165	8166	9808
8215	8214	8213	8212	8216
8207	8211	8210	8209	8208	11307	11308
8202	8203	8200	8201	8206	8204	8205
5932	7413	7412	7411	7230	8189	8191	8190	8194	8192	8193	10430	11511	11512
8256	8257
8258	8259
6470	6469	6468	6465	8219	8222	8221	8220	8225	8226	8227	8228	8229	12073	13141
8237	8238	8239	8241	8243	8242	8244
8283	8282
8289	8290
8271	8272
8279	8278	8277	8276	8281	8280
8322	8321	8320
8330	8329	8328
8296	8297	8298
8311	8313	8312
8346	8347	8345	8348
8355	8357	8356
8333	8332
8335	8334
8363	8364
8976	8975	8361	8360	8362	8359	8358
8372	8373
8365	8367	8366
8377	8378	8379	8368	8369	8370	8371
8376	8374	8375
8384	8382	8383
8380	8381
8392	8391
8390	8389	8388	8387	8386	8385
4008	8414	8415	8412	8413	10006
8399	8398	8397	8396	8395	8394	8393
3216	3217	3218	3219	3221	3213	3215	3214	3729	6374	8421	8420	8423	8422	8419	8418	9253	13188	13186	13187	13715	13717	13716	13718
8417	8416
8436	8434	8435
8429	8428	8431	8430
8448	8449	8450
8452	8453
8454	8455	8456	8457
8458	8459
8460	8461	8462	8463
8465	8464
5989	5991	6127	5842	7002	7004	8471	8470	9728	9729	9727
8473	8472	8475	8474	8477	8476
8479	8478	8480	8481
8482	8483
8486	8484	8485
8487	8488	8489
7165	7164	7155	7716	8814	11926	11927	11924	11925	11922	11923	11928	11822	12901	12900	12647	12648
8498	8497
6855	8499	8503	8502	8501	8500	8507	8506	8505	8504	8508	13212	13209	13208	13211	13210	12911	12910
8512	8511	8510
7722	7721
7709	7710
7708	7705	7706	7707
7704	7703
7701	7702
7696	7697	7698
7693	7692	7695	7694	7691
7689	7690
7770	7771	7772
5696	7206	7769	12121
7764	7765
3859	6199	7753	7752	7755	7757	7756	7751	7750	11784
7747	7749	7748
7744	7743
2130	2776	3492	6073	6075	6074	7760	7761	7762	7759	7758	7738	7736	7737	10696	10566
449	493	489	491	490	791	790	789	788	796	795	794	793	792	1543	4311	5093	5094	6116	6117	6118	6119	6762	7730	10939	11778	11779	13630
7817	7818
4870	4869	7824	7820	7821	7822	7823	7819
7163	7162	7802	7803	7800	7801	7806	7804	7805	10896	10897	10894	10893	10281	10282
7812	7811
7789	7788
5890	7795	7798	7799	7796	7797	11917	11916	12007	12006	12008
7774	7775	7777	7776
6443	7120	7787	7786	7785	7784	7779	7778	7783	7782	7781	7780	11235	11234	11233	11232	11231
7866	7865
7872	7871	7870
2553	2554	3907	5409	5408	5410	5413	5412	5402	5407	5245	5242	7948	7856	7854	7855	7853	11363	12295	12297	12296	13614
7861	7860	7859	7858	7857
7837	7838
5598	6189	6188	6907	6906	6905	6904	6909	6908	6899	6898	6897	6896	6902	6901	6900	7207	7205	7204	7957	7833	7834
7829	7830
7831	7832
7918	7919
7910	7909
7926	7925
7923	7922	7921	7920	7924
7889	7891	7890	7893	7892	7894
7875	7876	7877	7878	7879	7880	7881	7882	7883	7884	7885
7906	7907
3777	3776	3779	3778	3781	3780	3774	3775	3772	3773	7895	7897	7896	7899	7898	7901	7900	7903	7902	7904	7905	10577	10579	10578	12687
7976	7975
7962	7960	7961
3145	3172	3173	3170	3168	3169	4072	7763	11217
1906	1861	4856	7980	7977	7979	7978	7863	7862	7864	8749	8750	13870
7940	7939	7938	7937
7936	7935
7888	7886	7887
7950	7949
4173	4172	4175	4174	4171	6995	8026	8027	8024	8025	8028	11164
8030	8029
8031	8032
6023	5637	8041	8040	8043	8042	8045	8044	8036	8039	8038	10511	10513	10512	10514	11320	11317	11319	11318
8003	8002	8004
8007	8006	8005
8010	8009	8008
8011	8013	8012
3684	3642	5506	6149	6872	6879	6878	6880	6881	7318	8074	8072	8073	8087	8086	8085	8084	8095	8088	8684	8683	12203	12833	12834
6847	8083	8082	8081	8080	10047	10048
8093	8092	8091	8090	8089
8100	8098	8099
8047	8046
8048	8049	8050
4237	4240	8062	8063	10449
4652	6849	7347	8070	8066	8067	8065	10383	10382	10381
9312	9313
9311	9310	9309	9308	9307
4434	4432	4433	5898	5897	5896	5895	5894	9306	9305	9304	9303	9302	10390	10391	10388	10389	10731	10730	10729	10728	12273
9300	9299
9294	9295	9292	9293	9298	9297	9514	9513
9290	9291
7292	9135	9134	9133	8253	8252	8255	8254	9288	9289	9286	9287	9285
9273	9272	9275	9274	9277	9276	9279	9278	9267	9266	9269	9268	9271	9270	9284	9282	9283	9280	9281	11601
9260	9261
7571	7570	7573	7572	9258	9259	13389
1400	5690	5691	5688	5689	5686	5687	5684	5685	6357	6356	6353	6352	6355	6354	6348	6349	6350	6351	6344	6345	6346	6347	6343	9249	9250	9251	9252
7400	9243	9242	9241	9245	9244
9239	9238
9231	9232
3994	4471	4838	7161	9226	9227	9225	9230	9228	9229	10286	10648	10649	10647	13360
9224	9223
9218	9219	9220
9222	9221
9211	9212	9213
5477	9214	9215	9216	13136	13137	13019
9206	10020	10021	10018	10019	10016	10017	9722	9723
7671	7670	7673	7672	7674	9210	9208	9209	9207
9195	9194	9198	9197	9196
9203	9204	9205
9173	9174	9175
265	9177	8319	8585	8584	8586	8579	8583	8582	10758
9168	9169	9161	9160	9163	9162	9165	9164	9167	9166	9153	9155	9154	9157	9156	9159	9158	9967	9968	10229
9170	9171	9172
9144	9145
9152	9150	9151
9129	9128	9127	9126	9125
9142	9140	9141	9138	9139	9136	9137
9093	9092	9094
9083	9082	9087	9086	9085	9084	9193	9089	9088	9343	10695	10694
9104	9105	9106
9101	9103	9102
9075	9074	9073
9072	9067	9070	9071	9068	9069
9079	9080
9078	9077	9076
9056	9057	9055	9054	11646	11645	11644	11643
9053	9052
9066	9064	9065
9062	9063	9061	8964	8965	8966	8967	8961	8962	8963	8968	8969
9041	9040	9043	9042	9044
9037	9038	9039	10190	13811	13810	13809
9047	9049	9048	9051	9050
9045	9046
9004	9005	9003
3183	7107	7108	6913	9010	9009	9008	9006	9007	10421
3543	9024	9025	9026	9027	9023	9022	9021	9090
867	869	2884	6672	6668	9029	9030	9031	9032	8406	8404	8405	8403	9899	10164	10165	10162	10163	10335	10334	10333	10336	13438	13439	13440	13441
3440	5390	7069	8996	8987
8989	8990
2144	8994	8995	8992	8993	8571	11691	11692	12378	12379
8998	8999	8997	9000
8953	8954	8955	8956	8957	8958	8959	8835	8834	8833	8832	8960
8972	8973	8974	8971
8718	8981	8980	8983	8982	8977	8979	8978	8984	12044	12045	12108	11272	11267	11270	11271	11268	11269	11348
8985	8986
8939	8940
8941	8943	8942	8944	8945
8947	8948	8949	8950
8952	8951
8904	8903
8894	8895
8893	8888	8889	8890	8891	8886	8887	9124	9123	9122	9121	9120	12875	12876
8884	8885	8883
3297	3819	4216	4217	5189	5188	5191	5190	5185	5184	5187	5186	5178	5179	5182	5183	5181	7700	7699	8937	8936	8933	8935	8934	10981	10980	11395	11394	11396	11385	11384	11387	11386	13080
3801	5167	5166	5165
8928	8922	8923	8921	8926	8927	8924	8925
8907	8906	8905	8908
8862	8863	8860	8861	8858	8859
8852	8853	8850	8851
8846	8845	8844
8841	8840
8879	8880
8878	13975	13974	13979	13978	13977	13976
8867	9805	11123	11122	10575	12242	12243
7726	8869	8868	8865	8864	8866	8988
6856	6853	6854	8075	8681	10144	10889	10888	10887
4258	4259	4256	4257	4260	4261	4255	4254	8817	8816	8819	8818	8820	9148	8263	8266	8264	8265	10056	10057	9423	9422	9421	9420	13357	13358
8800	8801	8802	8803	8799
8804	8805	8806	8807	8808
8837	8836
8839	8838
6842	6841	6840	6839	6837	8094	8101	8102	8103	8096	8097	8104	8821	8823	8822	8825	8824	10150
8827	8826	8829	8828	8831	8830	8970
8761	8762
8770	8768	8769	8765	8764	8767	8766	8763
8727	8726	8725	8724	8732	8731	8730	8729	8728
8757	8759	8758	8760
8795	8794	8793	8796
8798	8797
8771	8774	8775	8772	8773	8776	8777
3975	3978	3976	8783	8784
8688	8687	8686
5366	6845	7328	7329	7321	7322	7325	7324	7327	7326	8809	8810	8682	8680	8679	9774	9537	9676	9675	11820	11821	12438
8694	8695	8692	8693
8690	8691
8710	8711	8708	8709	8706	8707	8704	8705	8712	8702	8703	8701
8700	8698	8699	8696	8697
8719	8723	8722	8721	8720
8716	8717	8714	8715	8713
7129	7128	7123	7122	7121	7127	7126	7125	7124	8218	8217	8634	8635	8636	8637	9597	9596
8632	8626	8627	8624	8625	8630	8631	8628	8629	8623	8622	10188
8648	8647	8646
8640	8638	8639
8231	8232	8233	8234	8235	8236	8656	8657	8658	8659	8655
8653	8652	8654	8649	8651	8650
8678	8677
8668	8669	8670	8671	8665	8666	8667	9761
1505	1942
1241	1782	3592	3595	3883	4402	5389	7084	7082	7083	6926	6925	8587	8580	10488	10489	10486	10487	11478
24	378	515	741	890	1025	1255	1253	1252	1256	1273	1153	1401	1384	1385	1380	1381	1383	1378	1719	1726	1722	1720	2139	2138	2445	2494	2518	2338	2339	2378	2379	2424	2726	2595	2660	3053	3174	3097	3096	3099	3098	3101	3100	3103	3102	3089	3088	3091	3090	3093	3092	3095	3094	3086	3087	3128	3123	3122	3121	3120	3127	3126	3125	3124	3114	3115	3113	3118	3119	3116	3117	3107	3104	3110	3108	3109	3423	3424	3425	3342	3343	3346	3345	3344	3707	3706	3704	3710	3709	3708	3699	3698	3702	3700	4065	4066	4050	4048	4049	4058	4060	4007	4006	4009	3926	3855	3870	3869	3868	3867	3866	3865	3864	3863	3862	3861	3860	3858	3857	3856	4543	4542	4574	4573	4572	4103	4102	4281	4294	4879	4878	4877	4875	5221	5220	5219	5218	5217	5212	5214	5324	5325	5326	5327	5328	5274	5277	5276	5921	6557	6556	6653	6492	6491	6179	6805	6807	6803	6802	7409	7399	8145	8144	8001	8000	7996	8873	8875	8874	9097	9096	9099	9098	9095	8308	8305	8304	8307	8306	8592	8589	8591	8590	9333	9332	9331	10932	10933	10934	11048	10485	10408	10405	10404	10407	10406	10576	11972	13063	13499	13500
8594	8595
8604	8605
8606	8607	8611	8610	8609	8608	8612
8616	8615	8614	8613
8619	8618	8617	8621	8620
8513	8514	8515
8516	8517
8518	8519	8520	8521
1727	3351	7967	8533	8532	8535	8534	8529	8531	8530	8543	8537	8536	8538
8544	8545
5417	5420	8551	8556	8554	8555	8552	8553	10172	10173	11889	11888	11890	11887
610	1897	10619	10618
8574	8573
9955	9957	9956	9959	9958	9960
9965	9966
3991	4681	4683	4682	9946	9947	9944	9945	9950	9948	9949	13832	13831	13830	13829	13828
9953	9954
9938	9939	9940	9941
9942	9943
4423	4431	4427	9923	9922	9927	9926	9925	9924	9930	9929	9928
9935	9934	9933	9936	9937
9992	9993	9994
10001	10000	9996	9997	9998	9999	9995
9981	9982
9983	9984
9977	9978
9979	9980
9878	9879	9877	9880	9881	9969	9970	9971	9972
9973	9974
9889	9888	9886	9887	9884	9885	9882	9883
9876	9874	9875
8350	9871	9870	9869	9872	9873	12001	12000	12003	12002	12005	12004
9868	9867	9866	9865
9863	9862	9861	9860	9859	9864
6870	7720	7719	7718	7712	9853	9852	9854
9851	9850
9848	9847	9846
9919	9921	9920
9917	9918
9916	9915
9913	9914
9908	9904	9905	9906	9907
9901	9900
9897	9896	9898
7992	7988	7989	7990	7991	7987	8440	8441	8442	8437	8438	8439	9893	9895	9894	9975	9976	10077	10076	10078	9581
9789	9788	9791	9790	9794	9795	9792	9793	9796	10304	10305	10299	10301	10300	10303	10302	14032
9798	9797
9800	9799
9802	9803	9801
6863	7714	8270	8268	8269	8267	9768	9769	9770	10212
9772	9771
4470	4477	7808	7809	7810	7807	9773	13577
9787	9786	9619	9620	9621	9622
9832	9824	9825	9826	9827	9828	9829	9830	9831	9823
9833	9834	9835	9836
4782	4780	4781	4779	4789	4788	4787	4785	7118	7119	8902	9838	9839	10113	10114
8240	9841	9840	9843	9842	9845	9844
3853	8877	8876	9806	9807
9811	9810
9815	9814	9813	9812
9822	9821
9684	9685	9686	9687
9681	9682	9683
9690	9691
9688	9689
9669	9668
9667	9666
9680	9677	9679	9678
9671	9670	9673	9672	14410
9762	9763
5480	6731	9760	9759	9758	9757	9756	9755	9754	9753	9752	9751	9296	11909	12082	12081	12080
4439	4436	4440	4441	7046	7711	7717	9766	9767	10591	10594	10595	10592	10593
9764	9765
9718	9719
9703	9704
9750	9749
9738	9736	9737	9734	9735	9732	9733	9730	9731	11998	11999	11996	11997
9585	9584
9590	9589	9588	9587
9565	9566
9574	9572	9573	9571
9609	9611	9610	9612
9616	9613	9615	9614
9601	9600
9603	9602	9605	9604	9607	9606	9608	11336	11337	14168	13576	13575
9627	9628	9629	9630	9631	9633	9632	11119	11121	11120	10676
9635	9636
9617	9618
9625	9626
9658	9657
9389	9388	9391	9390	9659	9662	9663	9660	9661	9665	9664
9912	9643	9642	9641	9646	9645	9644
9655	9656
9501	9500	9503	9502	9506	9504	9505
6143	6142	8018	8019	8016	8017	8022	8023	8020	8021	9837	9497	9496	9499	9498	9495	9494	11369
9491	9490	9493	9492
1520	1519	4506	4505	4504	4503	5238	7089	7088	7090	9486
9531	9530	9529	9528	9532	9527
8911	8910	8909	8914	8915	8912	8913	8916	8917	9522	9521	9520	9518	9519
9512	9511
9510	9509
9548	9549	9550	9551
4437	4444	4442	4443	4655	4654	4653	4656	4657	6152	9540	9541	9542	9543	9539	13146	13147	13148	13149	12529	12531	12530
9535	9536
9534	9533
9564	9563
9561	9560	9562
9557	9556	9559	9558	9555
9553	9552	9554
9397	9398	9399	9400	9401
9412	9411	9410
9415	9418	9417	9416
9424	9425
9428	9426	9427
9430	9429
9431	9436	9434	9435	9432	9433	9623	9624	10607
9438	9439	9437
9235	9234	9233	9236	9440
9441	9442
9445	9444	9443
9447	9446
9449	9448	9450
9460	9461	9462	9463	9457	9458	9459	9464	9465
9469	9470
9480	9481	9482	9483
9318	9319
9316	9317	9314	9315
9322	9323
9320	9321
9327	9329	9328	9330
9324	9325	9326
9341	9340	9342
9337	9336	9339	9338	9335	13170	13171	13168	13169
9351	9353	9352
9350	9349
9370	9368	9369
9366	9365
9379	9381	9380	9382
9371	9372	9373
9392	9393
9387	9386
10665	10664	10663
10667	10666
10669	10668
10671	10670	10674	10675	10672	10673
10650	10651	10652	10653	10654	10655	10535	10538	10537	12335	12336	12337	12338	12339	12441
10657	10656
10659	10658
10662	10661	10660
10635	10636
10637	10638
10639	10640
3296	5884	6145	6144	6146	8056	8057	8058	8059	8060	8061	8055	10208	10642	10643	10644	10645	10646	14931
10615	10617	10616
10624	10623
10625	10626
10627	10628
10740	10741	10739
10738	10736	10737
10746	10745
10744	10742	10743
10716	10717	10718	10719
10713	10714	10715
10735	10734
10721	10720
10704	10705	10706	10707
10701	10700	10703	10702	10699
10712	10711
10708	10709	10710
10920	10401	10400	10403	10402	10683	10680	10679
10678	10677
10697	10698
10689	10688	10690	10687
10503	10504	10505	10506	10507
10508	10509	10510
10496	10497	10498
10499	10500	10501	10502
10481	10482
10493	10494	10495
10477	10478
10480	10479
10473	10472	10474
10476	10475
10467	10466
10469	10468	10471	10470
4485	4986	4987	4988	4989	4990	7611	7613	7612	10460	10461	10459	10534	10533	10539	10542	10540	10541
10462	10463	10465	10464
8660	10448	10447	10446	10445	11493	11492	11494	11491
6846	6844	6843	6838	6848	6850	10456	10457	10454	10455	10452	10453	10450	10451	13886	14061
10614	10613
10612	10611	10610
10609	10608
10598	10599	10596	10597	10600
10589	10588
10585	10584	10587	10586
10581	10580	10583	10582
10557	10556
10555	10554
10553	10552
10551	10550	10549
10547	10548
10546	10545
10536	10543	10544	12334
10530	10531	10529	10532
10515	10517	10516	10519	10518
10277	10278
3827	3830	3831	3828	3829	3834	3835	3832	3833	5510	5511	5514	5513	9301	10293	10294	13641	13643	13642
10297	10296	10298
10308	10309	10306	10307
10310	10311
10316	10317	10315
10318	10319
10321	10320
10234	10232	10233
10238	10239
10243	10244
3732	4029	4030	10246	10247	10250	10251	10248	10249
10252	10253
10026	10024	10025	10022	10023	10259	10258	10257	10256	10260	10254	10255
10263	10262	10261	10267	10266	10265	14101
10269	10268
10394	10395
10392	10393
10398	10399
10396	10397
10419	10420
10411	10410	10413	10412	10414
10444	10443
10442	10441	10440
10353	10352	10354	10349	10350	10351
10323	10322
10363	10362
10357	10356	10359	10358	10355	10361	10360	13018
10371	10370
10369	10368	10365	10364	10367	10366
10384	10385
10373	10372
6068	10086	9578	9579	9577
10090	10091
1628	3049	3051	3050	10080	10079
1351	10082	10083	10081	10084	10085	11788
4176	10107	10106	10105	10108
10111	10110	10109	10097	10116	10112	10115
10092	10093
10104	10099	10098	10096	10103	10102	10101	10100	10094	10095	12064
10028	10027
8054	10035	10034	10033	10032	10030	10031	10029
10012	10011
10013	10015	10014
10065	10067	10066
10069	10068	10070
3990	3988	3989	3998	3999	3996	3997	3995	3992	3993	8068	8069	8064	8078	8079	8077	10049	10050	10051	10052	10141	10142	11497	11496	13282	13281
10064	10058	10059	10060	10061	10062	10063	11550
4799	8224	10194	10195	10196	10197	10198	10199	10200	10880	12688
10192	10193	10191
1240	4113	10185	10184	10187	10186
10181	10180	10182
10226	10227	10228
10221	10220
6862	9855	9856	10211	10210	10215	10214	10213	10219	10218	10217	10216	12842	13523	13522
10201	10202	10203
10151	10152
3656	3648	3649	3650	3652	3653	3654	3655	3647	10149	10148	10147	10146	10145	10143	9419
10128	10129
6454	10119	10125	10124	10127	10126	10121	10120	10123	10122
10174	10175	10177	10176
10170	10169
10158	10157	10156
10155	10154	10153
11254	11253
11248	11249
7057	6861	7616	7617	7615	7614	7461	7463	7462	10900	10898	10899	11258	11913	13213	13214
11256	11257	11255
11237	11236
11229	11230
11247	11246	11245
11239	11238
11283	11282	11281
11278	11279
11291	11290	11289	11288
457	4761	4760	6515	11287	11286	11285	11284	12372	12373	13969	13489	13490
11266	11264	11265
11259	11262	11260	11261
11276	11277
11274	11275	11273
11309	11310	11311
11313	11312	11314
11315	11316
10641	12180	12181	12182	12178	12179	11323	11325	11324	11327	11326	11332	11330	11331	11328	11329	13877
11294	11293
11296	11297	11298	11299	11300	11301
11304	11303
11305	11306
11345	11344
11347	11346
11350	11349
1821	2346	2744	2742	2743	2740	2741	2738	2739	5928	5927	5926	12240	11355	11354	11353	11352
7457	7456	7459	7458	7460	7454	7455	11335
11338	11339
11340	11341
11342	11343
11115	11118	11116	11117
11110	11111	11108	11109	11114	11112	11113
11106	11107
11104	11105
4487	6048	11091	11093	11092	11095	11094	11097	11096	11099	11098	11101	11100	11103	11102	12009	12276	12972	12970	12971
11089	11088	11090
5180	10046	10045	10044	10043	10042	10041	10040	10039	10038	10037	10036	11084	11085
11076	11077	11078	11079	13349	13348	13350
11151	11152	11153	11154	11155
11149	11148	11150
11145	11147	11146
11140	11139
11135	11134
11133	11132
2446	4012	4011	4010	5279	6761	8568	11131	11130	10686	10685
11125	11124
4623	6813	6812	6811	11175	11174
11183	11182	11181	11180	11179	11178	11184
11170	11169	11168
11173	11172	11171
11162	11163
11165	11166	11167
11156	11157
11160	11161	11158	11159
11218	11219
11226	11227	11228
11209	11208	11210
11211	11212
11196	11197
11198	11199
11188	11186	11187	11185
11194	11195	11192	11193	11190	11191	11189
10925	10924	10921	10923	10922
10917	10916	10919	10918	10913	10912	10915	10914	10911
10955	10954	10953
10928	10929	10930	10927	10926
7548	7549	7550	7544	7545	7546	7547	7543	10962	10963	10960	10961	10964	10959	10958	14839
10957	10956
4624	8787	8786	8785	8791	8790	8789	8788	8792	10968	10967	11072	11073	11074	11075	11071
10966	10965
6482	6480	6481	10979	10978
5879	10970	10971	10969	10974	10975	10972	10973	10865	10864	10867	10866	10868	10862	10863	10271	10270	10272	10273	10274	10275	11990	15210	15209
8275	8274	8273
9775	9538	10985	10984	10987	10986	10983	10982	12527	12528
4845	4837	7715	11012	11013	11014	11015	11009	11010	11011
11007	11008
11020	11021	11022	11016	11017	11018	11019
3463	3467	3466	3464	3468	3685	5525	7713	8815	12204
11023	11024
11025	11026
11029	11028	11030	11027	10682	10681
11031	11032
11033	11034
11037	11036	11035
11042	11040	11041	11039
6217	11141	11143	11142	11046	11047	11044	11045
11052	11050	11051	11049
11054	11053
11057	11056
11059	11058
11061	11060
11063	11062	11065	11064
4192	4188
11070	11069	11068
10766	10767	10764	10765	10762	10763
10759	10760
10756	10757	10755
10750	10751
10788	10789
10781	10780	10779
10771	10770
10769	10768
10805	10804	10803
10801	10800	10802
10796	10797	10798	10799
10791	10792	10793
7828	10819	10816	10817	10822	10823	10820	10821	10826	10824	10825	10815	11215	11216	11127	11126	11129	11128	13721	13720
291	296	297	298	3038	4851	4850	4849	4848	4854	4853	4852	10818
10813	10814
10807	10806	10812	10809	10808	10811	10810
10843	10847	10846	10845	10844
10848	10849
10827	10828
10830	10831
10858	10859
4421	4420	4419	4418	6822	6820	6821	7280	8645	8644	8641	8643	8642	10886	10885	10873	10872	10875	10874	11495
10850	10851	10852	10853
10854	10855	10856	10857
10892	10891	10890
4464	4465	4466	4467	4461	4460	4463	4462	4459	4673	5507	5504	5505	5508	5509	5369	5901	5900	5899	6044	6874	6877	6876	6871	9143	10895	10386	11334	11333	13081	13082	13083	12333	13884	13885	13882	13883
10877	10876	10879	10878
10884	10883	10882	10881
10906	10907
10910	10908	10909
10902	10903	10901
10904	10905
246	244	245	240	5075	5074	5078	5077	5076	5591	5590
98	2269	2271	2273	2272	4746	11474	11520	14223
284	315	314	317	318	302	303	324	323	321	3199	6519	6198	6197
283	282	290	292	294	2689	4917	4918	12932
495	6378	6379	6376	6377	6375	6372	6371
227	243	506	503	573	2935	2934	2936	3447	5734	9988	9989	9990	9991	10329
510	511	505	500	496	516	517	518	519	513	514	520	521	522	4589	7993	9002	9187	9190	9189	9188	10434	11689
533	532	14042
443	444	445	433	434	436	437	425	424	427	430	423	13112
410	411	408	409	414	415	412	413	402	7521	7520
446	447	418	478	479	476	477	474	473	470	471	469	466	456	455	8734	8733
442	5547	5548	8148	7964	7965	7963	9362	9360	9361
295	1757	1758	2027	2026	2028	3525	3906	3910	3911	3908	3909	5404	13002
1748	1749	1750	13799	13800
3	403	417	419	421	625	797	1113	1350	1349	1300	1767	1771	1770	1775	1778	1779	1777	1741	1691	1938	1939	1937	2761	2757	2592	2673	3435	3717	3880	3876	3877	3878	3879	3873	3874	3875	3846	3871	4118	4119	4120	4121	4122	4123	4124	5379	5378	5377	5339	5307	5306	5305	5304	5309	5308	5682	5683	6699	8108	9108	9109	9107	12670	12671
1046	1765	2472	2560	2629	2634	5780	5823	5822	5821	5820	5819	5818	9653	11137	11136
677	1183	1845	2621	2568	6180	7481	7477	7479	10946	10945	10944	10942	10943
381	475	472	459	799	1319	1813	1812	1811	1810	1807	1803	1798	1796	1797	1794	1949	2641	2640	2643	2642	2638	2639	2883	2886	2887	2885	2888	4351	4350	4349	4348	4347	4344	5458	5440	5438	5439	5294	5295	5293	5748	5749	7115	7116	7956	7955	8593
1875	1874	1877	1876	2614	2613	2612	2611	4084	4085	4059	7426	7424
1846	2925	4309	7516	7517	7515	8748	8747	9479
325	452	894	859	1076	1632	1648	1608	1609	1610	1611	1612	1613	1614	1600	1601	1602	1603	1604	1606	1607	1625	1624	1627	1626	1629	1631	1630	1617	1618	1583	1599	1598	1596	1595	1592	1586	1585	1584	2578	2575	3302	3301	3223	3461	3328	3334	3332	3885	4400	4403	4399	4398	4565	4564	4563	4562	4561	4560	4558	4559	4151	4876	4900	4903	4902	4904	4946	5023	5022	5021	5020	5019	5018	5017	5035	5028	5029	5024	5025	5026	5027	4857	5316	5317	5312	5313	5314	5315	5311	5310	5925	5924	5923	6957	6956	6955	6954	7662	7663	8132	8133	8293	8294	9634	9640	10842	11468	11467	11466	11465	13436	13437	13435
420	492	1404	1619	1594	1593	1590	1587	2201	2264	2261	2262	2263	2256	2257	2258	2135	2141	2140	2143	2142	2137	2136	2115	2167	2166	2164	2163	2161	2151	2148	2149	2146	2147	2145	2152	2153	4953	5931	6373	7501	13383
1646	1647	1644	1645	1651	1650	1649	4935	4934	4933	4936
1392	1391	1635	1633	1639	1636	2666	2667	2665	2668	2669
8528	8527
0	1	2	4	5	6	7	8	9	11	12	13	15	16	19	18	21	20	23	27	26	29	28	30	35	32	38	39	36	37	42	43	40	41	46	44	51	49	48	55	59	58	57	63	62	61	60	65	66	67	76	72	73	74	75	81	82	108	109	119	118	116	115	114	113	127	126	124	123	122	121	120	137	136	139	138	141	140	143	129	128	131	130	133	132	157	145	146	147	170	169	175	174	173	172	165	164	186	184	190	191	178	179	176	177	182	183	180	181	205	204	207	206	201	199	198	193	192	195	220	221	222	223	216	217	218	219	212	213	215	208	209	210	237	236	235	234	233	228	225	250	251	248	249	247	272	278	276	258	259	256	262	263	260	261	267	270	271	268	269	340	338	337	336	347	346	345	326	327	334	335	331	369	368	371	370	382	376	356	357	358	359	352	354	355	364	365	366	367	360	361	362	363	400	406	407	387	386	385	384	498	550	551	548	549	546	547	544	545	554	555	552	553	512	535	534	541	540	543	542	537	536	539	538	623	627	626	631	630	635	634	633	632	637	636	578	580	581	582	583	584	585	587	680	675	690	668	731	821	804	806	800	802	803	812	809	810	811	798	877	860	956	957	952	953	954	955	948	949	950	951	944	946	947	940	943	942	936	938	932	935	934	920	918	916	914	915	913	911	910	909	906	904	903	900	1022	961	960	966	964	1096	1092	1093	1094	1095	1088	1090	1091	1033	1034	1039	1029	1049	1048	1051	1052	1055	1054	1040	1043	1042	1045	1044	1047	1058	1056	1346	1344	1345	1290	1291	1288	1289	1282	1283	1280	1287	1284	1285	1337	1336	1341	1340	1343	1342	1333	1335	1524	1525	1521	1522	1523	1532	1509	1508	1511	1510	1504	1507	1506	1512	1446	1642	1643	1640	1641	1658	1657	1656	1663	1661	1660	1655	1566	1784	1785	1731	1665	1664	1666	1913	1912	1919	1837	1838	1832	1833	1824	1823	1822	1819	1818	2034	2035	2036	2037	2041	2042	2043	2044	2045	2046	2017	2019	2018	2021	2020	2023	2025	2024	2006	2007	2005	2011	2008	2014	2015	2012	2013	1941	1936	1947	1923	1921	2234	2226	2227	2228	2229	2218	2244	2243	2292	2291	2288	2287	2286	2279	2278	2277	2276	2275	2274	2064	2073	2102	2087	2084	2090	2089	2156	2157	2154	2437	2457	2310	2311	2309	2351	2352	2355	2354	2357	2356	2359	2361	2363	2362	2373	2802	2803	2806	2804	2805	2759	2758	2615	2610	2585	2586	2574	2675	2674	2677	2676	2633	3005	2970	2971	2969	2966	2967	2965	3039	2898	2897	2896	3320	3082	3083	3084	3542	3573	3574	3460	3488	3491	3490	3393	3438	3439	3751	3755	3754	3753	3752	3714	4031	3939	4501	4500	4590	4591	4146	4346	4339	4338	4905	4944	5056	5057	4735	4736	4737	4738	4776	4774	4775	5457	5430	5431	5418	5403	5395	5602	5244	5243	5121	5123	5122	5124	5374	5262	5278	5965	5964	5941	5716	5807	6649	6648	6651	6650	6370	6368	6369	6195	6196	6203	6241	6231	6237	6238	6239	6232	7114	6941	6682	6683	7533	7535	7534	7536	7482	7423	7366	7997	7998	7839	7844	7842	7843	7840	7841	7754	7734	7735	7732	7733	7731	8843	8842	9081	9001	9191	9176	8287	8286	8288	8300	8195	8196	8197	8567	8581	9909	9910	9911	10003	9985	9986	10236	9344	9374	9468	9467	9583	9692	9693	9694	9695	10940	10941	11213	11214	11043	11038	10693	10692	10559	10558	11472	11471	11470	11469	13174	13175	13177	13182	12707	12708	12709	12684	12391	13908	13719	14874	14875	14872	14873	14347
50	104	134	239	242	241	439	575	572	571	576	577	763	713	715	716	1743	1744	1747	2113	2124	2125	2120	2121	2123	2985	4744	4745	6308
185	1568	1687	1692	1693	1695	1688	1689	1690	3188
1151	1147	1216	1367	2134	5621	5622	5929	6077	6076	7117	8292	8291
200	316	349	622	673	691	762	725	726	1117	1115	1105	1135	1132	1130	1131	1129	1150	1149	1148	1146	1144	1143	1141	1139	1138	1137	1674	2177	2179	2181	2180	2182	2448	2507	2372	2622	2620	2619	2617	2616	2672	2671	3055	2852	2853	2854	2855	2848	2860	2861	2862	2863	2856	2857	2868	2865	2864	2867	2866	3728	3730	3727	3726	4547	4131	4130	4129	4160	4271	5386	5385	5384	5383	5922	6383	6381	6962	6804	6795	6903	7661	7629	7224	7225	7219	7222	7223	7220	7221	8134	7958	7959	7981	7983	7982	8743	9178	9179	9117	9112	9113	9114	9115	9110	9111	8562	8561	8560	8558	8559	9453	9455	9454	9716	9717	10952	10951	10949	10948	10424	14219	13796	13795	13491
2270	6194	6192	6193	6191	6661	6660	6657	6659	6658	7655	10087	10167	10168	10348
2285	2284	2283	2282	2281	2280
4995	10242	10240	10241
830	1622	1805	1955	2319	2323	2322	2321	2320	2327	2326	2325	2324	2331	2330	2329	2328	2334	2333	2332	3396	3397	3394	3395	3368	3369	4584	4585	4580	4581	4582	4583	4579	4149	4110	4894	4895	4897	4896	5104	5103	5250	6766	6765	6764	7185	7186	8848	8849	8991
2350	6538	6539	6536	6537	6540	6541	6535
787	786	785	781	975	1795	2232	2111	2367	2366	2368	2369	2964	2961	3455	5697	5695	7727	9377	9378	9708
1908	1902	2565	2567	2569	2570	3004
1917	1918
389	1053	1254	1926	1925	1924	1922	1935	1933	1931	1930	1929	1928	2383	2380	4588	7530
1956	4091	4092	6684	6685	6686	6687
14	17	22	25	34	53	52	70	71	79	80	112	159	148	197	194	238	230	257	289	293	339	350	348	332	333	328	373	375	377	401	405	394	393	399	398	397	429	431	461	497	487	481	480	558	559	556	557	566	565	564	563	562	561	560	568	525	526	527	523	529	528	531	530	638	586	589	590	591	678	667	661	760	764	765	758	759	823	817	816	819	829	824	827	826	813	772	770	769	881	885	878	879	844	929	1018	1020	1021	980	963	962	967	1100	1101	1097	1098	1099	1036	1037	1027	1041	1066	1064	1065	1070	1071	1068	1069	1057	1062	1063	1083	1082	1081	1087	1086	1085	1084	1075	1074	1073	1072	1078	1077	1228	1237	1239	1232	1260	1182	1187	1201	1307	1306	1305	1304	1311	1310	1309	1308	1299	1298	1297	1296	1303	1302	1301	1294	1295	1292	1293	1286	1329	1328	1332	1321	1322	1323	1326	1327	1312	1313	1314	1315	1316	1494	1495	1492	1493	1490	1491	1488	1479	1478	1477	1476	1475	1474	1473	1472	1487	1486	1485	1484	1483	1482	1481	1480	1526	1527	1533	1528	1529	1518	1467	1468	1471	1447	1638	1659	1654	1653	1652	1591	1729	1728	1730	1733	1736	1739	1724	1721	1676	1896	1898	1899	1900	1888	1889	1890	1891	1892	1893	1894	1895	1843	1834	1987	1986	1985	1984	1991	1990	1989	1988	1993	1992	1972	1973	1974	1975	1970	1971	1980	1981	1982	1983	1976	1977	1978	1979	1957	1959	1953	1966	1961	1960	1963	1962	1950	2206	2207	2216	2223	2221	2220	2211	2210	2209	2208	2215	2213	2212	2248	2298	2296	2297	2294	2295	2293	2290	2289	2065	2067	2066	2069	2068	2071	2070	2074	2082	2083	2091	2094	2095	2092	2116	2435	2434	2433	2473	2474	2477	2476	2478	2488	2489	2480	2481	2482	2484	2485	2486	2306	2307	2305	2335	2336	2337	2353	2360	2406	2407	2402	2408	2409	2410	2430	2745	2811	2812	2794	2657	2670	2649	2648	2652	2654	2630	2631	2955	2954	2953	2952	3064	3067	3059	3060	3061	3062	3034	3032	3033	3036	3037	3031	2817	3220	3201	3200	3202	3189	3085	3130	3557	3559	3558	3555	3560	3569	3462	3471	3474	3475	3472	3473	3476	3477	3511	3512	3513	3449	3448	3451	3450	3446	3330	3355	3358	3357	3356	3347	3350	3349	3388	3588	3589	3590	3591	3585	3586	3587	4071	4035	4034	4033	4039	4038	4037	4036	4040	4054	4053	4056	3919	3922	3921	3920	4354	4353	4352	4536	4531	4533	4532	4535	4534	4515	4502	4566	4341	4340	4296	4292	4295	4892	4893	4891	4898	4951	4952	5048	5047	5450	5448	5447	5446	5297	5296	5966	5824	5825	5835	6617	6495	6211	6210	7103	7113	6698	6697	6696	7427	7428	7946	7851	8566	8565	8564	8563	9809	10005	10004	10166	9334	9582	9702	10837	10328	10312	11886	12123	12925	12926	12927	12928	12929	12793	13492	15150	15149
422	927	1145	1140	1920	2049	2059	2062	2717	3457	3456	5698	7365	7869
189	732	722	1012	1013	1014	1015	1997	2098	2097	2096	2103	2101	2100	2105	2104	4334	4335	5299	5298	5300	6796	6797	6798	6799	8746	8411
1264	1279	2133	2132	2129	2128	2131	2114	2126	2127	4747	5604	5600	5603	7214
851	862	1011	1274	1735	1734	2618	2929	3884	3882	5735	6209	11964	11963	12125	12124	14222
111	142	152	154	850	849	838	842	843	841	907	1251	1203	1209	1377	1330	1496	2571	2628	3035	2830	2831	2828	2829	2833	2832	3139	3186	3185	3184	3081	3335	3722	4401	5012	5040	5826	5827	5815	5814	5813	5816	6948	7947	7945	9891	9890
822	828	831	814	834	835	833	836	837	1248
299	300	784	782	783	872	873	874	875	840	2150	4320	4319
9987	13176
144	187	188	285	749	863	945	941	937	939	933	902	1223	1178	1375	1374	1372	1371	1370	1369	1368	1366	1356	1357	1355	1352	1353	1376	1589	1588	1873	1872	2002	2003	2000	2001	2004	2165	2160	2159	3413	3453	3452	3454	6560	6365	6367	6366	8199	8402	8400	9576	9575	10691	11697	14760
3721	6749	6750
870	14188
432	685	684	3484	3504	3505	3506	3507	3508	3510	4328	4327	4324	4325	4954	7189
686	683	681	679	676	674	672	653	652	655	654	669	670	665	666	660	662	656	657	658	659	1003	1002	1530	3132	3548	3546	3547	3545	5441	5828
614	618	617	6774	6772	6773	7229
611	612	613	6176	6175
47	404	441	774	780	778	779	776	777	9451
464	704	832	2010	2582	2577	4707	4706	4705	4711	4710	4709	4708	4715	4714	4713	4712	4716	5592	5231	5230	5229	5240	5239	5236	5237	5234	5235	5232	5233	7628	7627	7852	7850	7849	7746	9118	9119	8588	9816	9567	9570	9568	9569	14130	14128	14129	14127	13320	13443	13444
698	692	2471	9474	9475	9476	9477	10340	10337	10338	10339
687	699	696	694	695	693	8299
1605	10171
68	100	628	815	1270	1265	1403	1425	1411	1413	1412	1418	1416	1421	1420	2029	2031	2030	3007	2842	2841	3222	3854	11144
1364	4577	4578	6202	6200	6201
845	1218	1365	2185	4101	6640	6410	6409	6408	6220	6216	6219	6218	7422
1548	1545	1546	1547	2696	2693	2785	2784	2782	2783	3901	3902	4777
1550	1551	1552
54	453	682	1109	1123	1405	1407	1402	1426	1427	1430	1431	1428	1429	1434	1432	1433	1438	1439	1408	1440	1445	1444	2235	2249	2250	2479	2347	2762	2658	4360	13910
171	1409	1582	1570	1538	1968	3041	3040	3043	3042	3045	3044	3046	8135	8410	8408	8409	8407	11590	11591
85	168	166	499	1010	1106	1155	1154	1534	1423	2176	2175	2174	2170	2169	2168	2564	2563	3929	6545	6927	7728	7729	13617
871	1157	1156	1159	1158
4730	4731	4732	6103
395	1258	1419	1887	1856	1853	1852	1855	1854	1849	1848	1851	1850	1847	2725	2724	2708	2709	2704	2705	2706	2707	2701	2700	2703	2702	2699	2698	4051	4052	8737	8738	8739
1318	1790	1788	1789
1245	1249	1436	1437	2122	3176	3535	4507	4300	4301	4302	4303	4297	4298	4299	4305	4304	13621
570	569	1000	993	992	995	994	997	996	999	998	991	988	989	1262	1191	1195	1192	1197	1196	1783	2247	2606	2604	2605	2602	2603	2601	3485	5062	5063	5061	5540	5320	5321	5322
1221	1220	1222	1217	1219	1229	1199	1198	1200	1207	1205	1210	1208	1214	1212	1213	2032	2718	3886	3887	3889	3888	4778	4772	4773	5406	5405	7480	7478	8302	8303	10484	10483	13625
468	567	1168	3314	3313	3311	3310	9182	9183	12672	12673	12674	12675
1718	2636	2637	3303	3309	3308	3307	3306	3305	3304	7846	7847	7845	7848	10332
3333	4855	6554	6553	6552	6551	6550
3319	3316	3317	3315	3326	3327	3325	3322	3323	3321	5432	5433
3239	3243	3242	3240	3247	3246	3245	3244
3231	3235	3234	3233	3232	3238	3237	3236
3295	3298
3284	3285	3286	3287	3280	3281	3282	3283	3292	3293	3294	3288	3289	3290	3291	3268	3271	3265	3264	3267	3266	3277	3276	3279	3278	3273	3272	3275	3274	3300	3299	3250	3251	3248	3249	3254	3255	3252	3253	3258	3259	3256	3257	3263	3260	3261	3241	3620	3618	3619	4634	5488	5489	5487	5669	5668	5667	5666	6740	6741	6742	6744	7603	7602	7605	7604	7607	7606	7608	8938	9414	10590	12331	12330	12332	13876
1499	3198	3197	3196	3195	3194	3193	3192	3191	6106	6105	6939
117	158	805	1915	1914	1820	2849	2850	2851	2859	2847	2846	2915	2917	3165	3164	3166	3161	3160	3163	3157	3156	3159	3158	3153	3155	3154	3149	3151	3144	3433	3434	3428	3429	3430	3431	4556	4557	4554	4555	4552	4553	4550	4551	4548	4549	4546	6639	7389	7388	7385	7384	7387	7386	13553
3224	3225	3226	3227	3228	3229	3230
2414	2417	2425	3203	3205	3207	3206	5444	5443	5442	6385	6380
5445	10829
3019	3018	3017	3016	3021	3020	3913	5785
818	3075	3076	3077	3078	3079
1435	3068	3069	3071	3072
958	959	1038	2217	3527	4073	4074	3904	3905	3900	3903	6947	9091
1361	1903	3540	3541	3538	3539	3536	3537	5210	5211	6964	6965	6963	8443	10075	12053	12052	12055	12054	12051
451	2238	2239	2237	2241	2240	2301	2299	2304	3570	3571
2623	2624	2625	2626	2627	3601	3600	3596	3597	3599	3593	3594	7473	9015	9017	9016
10	56	77	87	92	95	89	90	99	96	629	751	743	742	754	757	1257	1373	1535	1415	1414	1544	1541	1542	1536	1539	1772	1713	1934	2222	2391	2389	2399	2398	2397	2396	2395	2394	2400	2401	2632	3006	3421	3419	3418	3417	3416	3414	4397	4396	4355	4358	4356	5014	5037	5038	5039	5400	5401	5398	5399	5397	5206	5207	5719	5752	5753	5750	6938	6937	6763	10754	10752	10753
1202	1466	1470	2656	2651	2655	4293	4919	4920	7631	7635	7634	7633	7632	7483	7484	7485	7486	7487	7211	7210	7209	7208	7212	12626
922	1017	1165	1164	1167	1170	1171	1172	1557	1559	1858	1859	1857	1862	1860	2937	2939	2938	2941	2940	3187	3575	3478	4342	4722	4720	5137	13434
353	1016	1738	1723	2022	1946	1944	2314	2315	2313	2318	2316	2317	3522	3521	3520	3514	3515	3516	3517	3518	3519	4762	5373	5341	5340	5960	5959	6542	6312	6311	6309	8181
1030	2723	2662	2962	2963	3080	3387	5323	5332	5329	5331	5330	6969	10947
3398	3399
1169	3404	3405	3402	3403	3400	3401	3891	3890	5098	5100	8744
1184	1702	1865	3406	3407	3410	3409	3408
2566	2972	2960	3011	3008	3015	3014	3013	3012	3162	3148	3150	3572	3338	3339	3336	3340	3341	7076	7075	6945	7868	9375	9376	9471	9472	9473
1932	3509	3360	3361	3362	3365	3367	4717
3370	4740	4741	4742	4743	7216	7215
866	1067	1080	1079	1531	1774	1776	2926	3556	3392	3371	3373	3374	3375	3384	3386	3389	3391	3390	3376	3379	3378	3381	3383	3382	4013	4014	4699	4703	4704	6109	6108	5711	5712	7087	12122
1160	1163	2155	2697	2692	2695	2694	2688	2691	2690	2683	2687	2686	2685	3893	4996	4997	4994	4992	6072	8140	8141	8736	8735	11138
372	392	391	390	388	1152	1839	1828	1827	2608	2607	3140	3141	3142	3143	3131	5097	5599	8740	8741	8742
2358	6104	9819	9818	9817	14264
2596	2597
2557	4751	4756	4753	4755	4754
31	1358	2522	2541	2540	2543	2542	2556	2555	2548	2549	2550	2551	2544	2545	2546	2547	4069	4068	4734	5805	5803	7644	10620
380	458	1031	1809	1792	1793	2511	2509	2508	2505	2504	2503	2502	2500	2499	2498	2497	2496	2520	2519	2517	2514	3554	3899	4161	4163	4162	5095	9452
416	808	1023	987	2490	2491	2492	2493	2495	3486	3487	3489	3354	3353	12130	12128	12129
2463	2469	2468	2470	2609
2462	2465	2464	2467	2466	2959	2958	2957	2956	5396	7377	7376	12714	12715	12712	12713	12711
273	383	440	435	462	986	984	985	979	982	983	981	968	1616	1667	1673	1680	1681	1943	1948	1945	2443	2442	2441	2447	2444	2459	2456	2460	2461	2450	2451	2449	2454	2455	2452	2453	2663	2661	2664	5562	6071	6384	6177	7093	7825	7827	8575
202	689	1246	1441	1669	1668	1671	1670	1677	1679	1678	1684	1685	1686	1682	1683	2810	2808	2809	2807	3469	5080	5079	5563	5565	5564	5566	9116
639	714	720	721	1621	1620	1791	2106	2440	2439	2438	2436	6337
2403	2428	2427	3898
2412	2413	2415	2411	2421	2420	2423	2422	2416	2419	2418	2426	6782	6783
97	1276	2374	2375	2382	2381	2376	2377	2388	2387	2386	2385	2384	5829	5830	5831	5832	5833	5834	10937	10935
919	1489	1443	1442	1737	2093	2512	2984	2981	2983	2982	2979	2975	2973	3023	3022	3026	3027	3025	3030	3028	3029	4093	4094	6549	6548	6655	6656
33	69	78	86	83	94	88	91	167	226	224	277	286	351	374	428	502	664	663	880	901	965	1224	1261	1259	1268	1269	1267	1277	1275	1272	1162	1166	1179	1194	1354	1281	1339	1338	1334	1320	1456	1457	1458	1459	1460	1461	1462	1463	1464	1465	1469	1449	1448	1451	1450	1453	1455	1454	1597	1549	1537	1763	1761	1760	1764	1769	1768	1781	1740	1742	1756	1759	1716	1717	1714	1715	1712	1694	1907	1909	1910	1901	1883	1882	1881	1880	1885	1884	1879	1878	1870	1868	1844	1836	1817	1816	1815	1808	2224	2225	2219	2308	2712	2714	2710	2711	2583	2989	2988	2987	2986	3000	3001	3002	3003	2998	2999	2992	2993	2994	2995	3052	2871	2899	3136	3137	3138	3074	3135	3134	3133	3564	3561	3563	3562	3497	3496	3499	3498	3501	3500	3503	3502	3372	3750	3749	3748	3747	3745	3744	3735	3740	3741	3742	3743	3736	3737	3738	3719	4020	4021	4022	4023	4028	4024	4025	4026	4027	3953	3952	3955	4266	4265	4270	4268	4269	4262	4263	4323	4321	4317	4316	4313	4312	4315	4314	4308	4310	4884	4885	4938	4937	5073	5072	5066	5067	5064	5065	5070	5071	5068	5069	5113	5112	5107	5109	5108	5111	5110	5099	5091	4748	4749	4750	5594	5593	5263	5265	5918	5916	5917	5915	5783	5784	5806	6534	6619	6618	6169	6170	6171	6245	6244	6243	6242	7071	7070	7072	7073	7074	6790	6791	7417	7379	8178	8124	8121	8123	8122	7994	7873	7874	8881	8882	9100	8198	8547	8557	8600	8601	8596	8597	8598	8599	9354	9367	9466	9650	9651	9648	9649	9652	9638	9637	9647	9720	10936	10841	10840	10684	11704	13058	12477	14080	13442
305	322	2475	2951	2950	2949	2948	2947	2946	2945	2942	6507	10490	10491	11698	11699
1193	2390	2393	2392	2990	2968	4109	4111	4112	4114	4115
1050	1266	2918	2919	2920	2921	3459	8120	12478	15068
750	1814	2922	2923	2924	2927	2928	2931	2930	2932	5303	5302	5301	9180	10931	10427	10428
507	2343	2890	2891	2889	2894	2895	2892	2893	5041	5043	5042	10567	10568	10569	10570	11780	13317
2912	2911
603	737	728	724	853	978	1102	1103	1089	1032	1231	1225	1227	1238	1247	1242	2033	2253	2255	2254	2099	2768	2760	2763	2765	2764	2767	2766	2755	2756	2600	2869	2877	2876	2879	2872	2874	3576	3577	3578	3470	3359	4945	5394	5393	6070	8295	10088	10089	10749	10564	10565	10563	10622	10621
1786	2870	3152	4018	4019	5280	5281
3739	5817	9804
524	1271	1278	1424	1410	1417	1422	1561	1562	2173	2172	2845	2844	8577	8576	10331	10330	13111	12577	13914	13618	13382
231	912	1362	1331	1697	2432	2526	2527	2524	2525	2523	2533	2532	2529	2528	2531	2530	2429	2431	4267	4692	4693	4694	4733	5963	5699	5701	5700	8745
45	64	110	135	153	155	156	149	150	151	163	162	161	160	214	255	266	438	454	608	609	615	619	616	620	621	593	592	595	594	597	596	599	598	601	600	602	604	607	606	671	761	719	734	735	727	820	825	807	771	883	882	884	887	886	889	888	891	893	892	895	876	858	857	846	847	928	931	930	926	924	925	923	921	899	897	896	1001	990	973	972	1112	1111	1110	1104	1107	1126	1124	1125	1122	1120	1121	1161	1173	1174	1175	1176	1177	1180	1181	1186	1185	1190	1189	1188	1211	1215	1637	1615	1580	1581	1578	1579	1576	1577	1574	1575	1572	1573	1571	1569	1773	1787	1703	1705	1704	1672	1675	1911	1886	1866	1871	1863	1835	1831	2038	2047	1995	1994	1996	1969	1958	1965	1964	1967	1951	2075	2077	2076	2048	2050	2051	2052	2053	2054	2055	2056	2057	2060	2061	2063	2080	2081	2370	2371	2721	2720	2716	2719	2715	2800	2801	2793	2799	2572	3048	3054	3047	3065	3066	3056	3057	3058	3063	2826	2827	2824	2825	2839	2838	2837	2836	2835	2834	3565	3567	3566	3568	3437	3432	3352	3724	3720	3723	3711	4075	4076	3912	3881	3892	4395	4379	4376	4569	4568	4567	4099	4098	4100	4931	4991	4757	4759	4758	5376	5208	5335	5337	5336	5264	5982	5981	6078	6421	6509	6508	6511	6510	6512	6924	6946	6801	6910	7237	7236	7239	7238	7233	7232	7235	7234	7231	8179	8180	7742	7740	7741	7739	9186	9181	8427	10183	9714	9715	9712	9713	10748	10747	10561	10562	11789	11883	11521	11522	13964	14834	14833	14832	14668	14401
1324	2736	2735	2734	2733	2732	2730	2729	2728	2727	2722	10341	10342
2777	2778	2779	2780	2781	2770	2771	2772	2773	2774	2775
